author_id,content,region,language,publish_date,harvested_date,following,followers,updates,post_type,retweet
borinets_2001,Россия обошла Саудовскую Аравию в поставках нефти в Китай http://t.co/FupoaSed74 http://t.co/zyhS5Hqu2H,Russian Federation,Russian,2015-06-24T20:51:00,2015-06-24T20:51:00,1574.0000000000,900.0000000000,9008.0000000000,R,True
borinets_2001,"Супер-кар Blade от Divergent Microfactories, напечатанный на 3D-принтере http://t.co/sj5U82paiM",Russian Federation,Russian,2015-06-27T02:55:00,2015-06-27T02:55:00,1573.0000000000,899.0000000000,9011.0000000000,,False
borinets_2001,Top Gear: есть ли жизнь после Кларксона http://t.co/EctsKXrT8W http://t.co/9JRxlUiLuF,Russian Federation,Russian,2015-06-27T18:31:00,2015-06-27T18:31:00,1573.0000000000,901.0000000000,9014.0000000000,R,True
borinets_2001,так и живем http://t.co/JEjOIaUL86,Russian Federation,Serbian,2015-06-29T08:46:00,2015-06-29T08:46:00,1572.0000000000,901.0000000000,9017.0000000000,R,True
borinets_2001,СМИ: свыше 200 тысяч австрийцев поддержали референдум о выходе из ЕС http://t.co/Mr6vETN4NI Медленное обрушение европейских ценностей,Russian Federation,Russian,2015-07-02T17:55:00,2015-07-02T17:55:00,1570.0000000000,901.0000000000,9026.0000000000,R,True
borinets_2001,"Россия в ответ на санкции ЕС, США, Австралии и Норвегии ввела годовое эмбарго на ввоз агропродукции из этих стран http://t.co/2okR1jCko8",Russian Federation,Russian,2015-07-15T08:13:00,2015-07-15T08:13:00,1565.0000000000,865.0000000000,9031.0000000000,,False
borinets_2001,Меркель выступила против однополых браков http://t.co/hrI4oIn8VI,Russian Federation,Russian,2015-07-15T17:13:00,2015-07-15T17:13:00,1565.0000000000,867.0000000000,9032.0000000000,R,True
borinets_2001,#AQ;O0C:8 @0A=>40@A:>78B 11 ;5B BN@L1@5B5=85 https://t.co/8HvLDE41H9,Russian Federation,Russian,2015-07-16T12:50:00,2015-07-16T12:50:00,1565.0000000000,866.0000000000,9041.0000000000,,False
borinets_2001,Apple и Samsung решили избавить людей от «мобильного рабства» и запустить электронные сим-карты: http://t.co/PVoneKpESl,Russian Federation,Russian,2015-07-17T12:12:00,2015-07-17T12:13:00,1567.0000000000,864.0000000000,9045.0000000000,R,True
borinets_2001,Полиция проверят возможный акт самосожжения в отделении Почты России в Калуге http://t.co/QcAJs27Vwj,Russian Federation,Russian,2015-07-18T10:53:00,2015-07-18T10:53:00,1568.0000000000,864.0000000000,9050.0000000000,R,True
borinets_2001,В ДНР отчитались об отводе военной техники  http://t.co/M4RBM8rCYO http://t.co/3eA8CUATNe,Russian Federation,Russian,2015-07-19T17:31:00,2015-07-19T17:31:00,1566.0000000000,862.0000000000,9053.0000000000,R,True
borinets_2001,Футболисты юношеской сборной России впервые в истории завоевали серебро Евро-2015  http://t.co/zlVjqPizi1,Russian Federation,Russian,2015-07-19T21:13:00,2015-07-19T21:13:00,1566.0000000000,862.0000000000,9054.0000000000,R,True
borinets_2001,Йозеф Блаттер пойдет работать на радио после ухода с поста президента ФИФА http://t.co/4M1DCVfZtQ,Russian Federation,Russian,2015-07-20T14:32:00,2015-07-20T14:32:00,1565.0000000000,862.0000000000,9056.0000000000,R,True
borinets_2001,Генсек НАТО: соглашение с Тегераном оградит мир от создания Ираном ядерного оружия  http://t.co/wlGrUgYpLD,Russian Federation,Russian,2015-07-20T21:51:00,2015-07-20T21:51:00,1565.0000000000,861.0000000000,9057.0000000000,R,True
borinets_2001,Число погибших при падении микроавтобуса в пропасть в Чечне возросло до девяти http://t.co/wj7Pvrpbri,Russian Federation,Ukrainian,2015-07-21T23:33:00,2015-07-21T23:33:00,1564.0000000000,860.0000000000,9061.0000000000,R,True
borinets_2001,Фильм О Большой Политике! Михаил Леонтьев.   https://t.co/YyNbe3uln0,Russian Federation,Russian,2015-07-22T15:53:00,2015-07-22T15:53:00,1565.0000000000,869.0000000000,9064.0000000000,R,True
borinets_2001,В Луганске найдены запасы американского оружия http://t.co/i7OB1wvDtV,Russian Federation,Russian,2015-07-22T17:28:00,2015-07-22T17:28:00,1565.0000000000,868.0000000000,9065.0000000000,R,True
borinets_2001,"Ограниченный доступ к американский сериалам - то благо, которое просто еще не оценили http://t.co/pCDyXzp0be",Russian Federation,Russian,2015-07-23T17:22:00,2015-07-23T17:23:00,1565.0000000000,862.0000000000,9070.0000000000,R,True
borinets_2001,Совбез ООН рассмотрит проект резолюции о трибунале по Boeing 29 июля  http://t.co/v7WljEpkHD,Russian Federation,Russian,2015-07-25T01:53:00,2015-07-25T01:53:00,1565.0000000000,859.0000000000,9077.0000000000,R,True
borinets_2001,"Медведев не исключил, что санкции США могут сохраниться надолго  http://t.co/TpBvIEOimb http://t.co/unZmJhknAH",Russian Federation,Russian,2015-07-25T06:12:00,2015-07-25T06:12:00,1565.0000000000,859.0000000000,9078.0000000000,R,True
borinets_2001,"Мариани призвал не ждать 60 лет для прорыва ""блокады"" Крыма со стороны Запада  http://t.co/a4r3W6UaTI",Russian Federation,Ukrainian,2015-07-25T10:53:00,2015-07-25T10:53:00,1565.0000000000,858.0000000000,9080.0000000000,R,True
borinets_2001,Экс-защитник «Амкара» Фибель подписал с «Мордовией» предварительное соглашение http://t.co/5izycF3y9t,Russian Federation,Russian,2015-07-25T16:33:00,2015-07-25T16:33:00,1565.0000000000,858.0000000000,9081.0000000000,R,True
borinets_2001,Как Англия готовила захват ВМФ http://t.co/LGA37XFPUM,Russian Federation,Bulgarian,2015-07-26T16:27:00,2015-07-26T16:29:00,1565.0000000000,857.0000000000,9086.0000000000,R,True
borinets_2001,В Калифорнии восемь детей пострадали при падении сосны http://t.co/U7PoYUEptQ,Russian Federation,Russian,2015-07-29T03:31:00,2015-07-29T03:31:00,1564.0000000000,857.0000000000,9095.0000000000,R,True
borinets_2001,Ледокол Shell заблокирован альпинистами Greenpeace http://t.co/GNxvjpQXLs,Russian Federation,Russian,2015-07-29T13:31:00,2015-07-29T13:33:00,1563.0000000000,853.0000000000,9097.0000000000,R,True
borinets_2001,Самолет British Airways вынужденно посадили из-за возможной бомбы на борту http://t.co/u3e4GSQrpI,Russian Federation,Russian,2015-07-29T14:12:00,2015-07-29T14:12:00,1563.0000000000,852.0000000000,9098.0000000000,R,True
borinets_2001,В России впервые зафиксирован естественный прирост населения  http://t.co/gKLVZum1Bh http://t.co/9MTYkpRBmy,Russian Federation,Russian,2015-07-30T14:12:00,2015-07-30T14:12:00,1563.0000000000,852.0000000000,9101.0000000000,R,True
borinets_2001,Россия обновляет ядерный арсенал http://t.co/IV2yULiMkR,Russian Federation,Russian,2015-07-30T15:05:00,2015-07-30T15:05:00,1563.0000000000,852.0000000000,9102.0000000000,R,True
borinets_2001,"Штаты ввели новые санкции против России. Вот щас,цитата Черчилля как никак подходит..)",Russian Federation,Russian,2015-07-30T20:52:00,2015-07-30T20:52:00,1564.0000000000,850.0000000000,9105.0000000000,R,True
borinets_2001,Инспекторы из США и Канады не будут допущены на ядерные объекты Ирана http://t.co/GrpKl718dL,Russian Federation,Russian,2015-07-31T04:11:00,2015-07-31T04:11:00,1564.0000000000,850.0000000000,9106.0000000000,R,True
borinets_2001,"Георгиев: «Рубину» предстоит важный матч со «Спартаком», все мысли о Москве http://t.co/mFauiNzfH7",Russian Federation,Russian,2015-07-31T08:13:00,2015-07-31T08:13:00,1564.0000000000,850.0000000000,9107.0000000000,R,True
borinets_2001,В ДТП с поездом под Белгородом тяжело пострадали двое http://t.co/8K2qsJ66U2,Russian Federation,Russian,2015-07-31T13:12:00,2015-07-31T13:12:00,1564.0000000000,850.0000000000,9108.0000000000,R,True
borinets_2001,как-то быстро забыли про Эболу http://t.co/544GZv4w6W,Russian Federation,Russian,2015-07-31T13:16:00,2015-07-31T13:16:00,1564.0000000000,850.0000000000,9109.0000000000,R,True
borinets_2001,"1 августа 1936 года родился известный французский модельер, основатель стиля унисекс Ив Сен-Лоран.  #Голос_Истории http://t.co/uGBOl953Ha",Russian Federation,Russian,2015-08-01T17:13:00,2015-08-01T17:13:00,1564.0000000000,850.0000000000,9114.0000000000,R,True
borinets_2001,СМИ: в Нью-Йорке в результате стрельбы ранены 10 человек  http://t.co/zbRuuNjylt,Russian Federation,Russian,2015-08-02T09:51:00,2015-08-02T09:51:00,1563.0000000000,848.0000000000,9115.0000000000,R,True
borinets_2001,Гостиницу «Славянская» эвакуируют в центре Москвы  http://t.co/UbkxubPKEH http://t.co/XPFRN9D8He,Russian Federation,Russian,2015-08-02T14:12:00,2015-08-02T14:12:00,1562.0000000000,847.0000000000,9116.0000000000,R,True
borinets_2001,«Анжи» может приобрести форварда «Спортинга» Уилсона Эдуарду http://t.co/EGX3gVwK9K,Russian Federation,Russian,2015-08-04T15:34:00,2015-08-04T15:34:00,1560.0000000000,847.0000000000,9124.0000000000,R,True
borinets_2001,Подозреваемый в массовом убийстве детей в Нижнем Новгороде оказался болен шизофренией: http://t.co/nqLSus55mE,Russian Federation,Russian,2015-08-04T15:53:00,2015-08-04T15:53:00,1560.0000000000,846.0000000000,9125.0000000000,R,True
borinets_2001,В Тбилиси при пожаре на складе красок пропали два человека http://t.co/q9L0eFgKYX,Russian Federation,Russian,2015-08-04T16:33:00,2015-08-04T16:33:00,1560.0000000000,846.0000000000,9126.0000000000,R,True
borinets_2001,В Чечне появился первый женский пляж  http://t.co/e1mAFFhXCp http://t.co/qY5UtaAraf,Russian Federation,Russian,2015-08-04T16:53:00,2015-08-04T16:53:00,1560.0000000000,846.0000000000,9127.0000000000,R,True
borinets_2001,Угу Алмейда приступил к тренировкам http://t.co/MXOFaTyQxb,Russian Federation,Russian,2015-08-04T17:12:00,2015-08-04T17:12:00,1560.0000000000,846.0000000000,9128.0000000000,R,True
borinets_2001,Рыдали гордые бароны  http://t.co/AbxTHdgBLp http://t.co/ztRWM8e8Tu,Russian Federation,Russian,2015-08-04T19:12:00,2015-08-04T19:12:00,1561.0000000000,846.0000000000,9130.0000000000,R,True
borinets_2001,"Почему в Россию? Ему в пиндосию надо, оттуда вся жёпа   Латв. министр направился в Россию просить об отмене эмбарго http://t.co/oFK0s01uBj",Russian Federation,Russian,2015-08-05T04:12:00,2015-08-05T04:12:00,1560.0000000000,846.0000000000,9133.0000000000,R,True
borinets_2001,Титов: спартаковский дух уже заползает в Тарасовку http://t.co/Vy67InHIkp,Russian Federation,Russian,2015-08-05T11:12:00,2015-08-05T11:12:00,1560.0000000000,845.0000000000,9135.0000000000,R,True
borinets_2001,Ветеран АНБ: Американским критикам России пора вынуть бревно из глаз     http://t.co/qW03Yr59SA,Russian Federation,Russian,2015-08-05T11:32:00,2015-08-05T11:32:00,1560.0000000000,845.0000000000,9136.0000000000,R,True
borinets_2001,"ФАС начала проверку онлайн-сервисов Uber, GetTaxi и Яндекс.Такси http://t.co/bOBTAudOF0",Russian Federation,Russian,2015-08-06T11:13:00,2015-08-06T11:13:00,1560.0000000000,844.0000000000,9138.0000000000,R,True
borinets_2001,«ПСЖ» объявил о трансфере Ди Марии http://t.co/AuZI9GFLtj,Russian Federation,Russian,2015-08-06T14:13:00,2015-08-06T14:13:00,1560.0000000000,844.0000000000,9141.0000000000,R,True
borinets_2001,Трутнев: РФ приглашает Японию к совместному экономическому развитию Курильских островов  http://t.co/KV7525ynRl,Russian Federation,Russian,2015-08-07T02:03:00,2015-08-07T02:03:00,1561.0000000000,844.0000000000,9142.0000000000,R,True
borinets_2001,Бывает мало женщин  http://t.co/th4oKMq0v4 http://t.co/H2GRpCnCBc,Russian Federation,Russian,2015-08-07T14:55:00,2015-08-07T14:55:00,1560.0000000000,844.0000000000,9145.0000000000,R,True
borinets_2001,ТО ЛИ ЕЩЕ БУДЕТ  https://t.co/hJfT5KZKpf,Russian Federation,Russian,2015-08-07T21:11:00,2015-08-07T21:11:00,1560.0000000000,845.0000000000,9149.0000000000,R,True
borinets_2001,В Москве начинают действовать новые правила эвакуации автомобилей  http://t.co/RYRxoXxVdm,Russian Federation,Russian,2015-08-07T22:32:00,2015-08-07T22:32:00,1560.0000000000,845.0000000000,9150.0000000000,R,True
borinets_2001,Кассано близок к возвращению в «Сампдорию» http://t.co/QqEAghWp2R,Russian Federation,Russian,2015-08-08T15:13:00,2015-08-08T15:14:00,1560.0000000000,845.0000000000,9156.0000000000,R,True
borinets_2001,Одной из жертв столкновения самолета с вертолетом стала продюсер Первого канала.   http://t.co/pAf2exihrn http://t.co/iL3YceZTvU,Russian Federation,Russian,2015-08-09T19:32:00,2015-08-09T19:32:00,1560.0000000000,842.0000000000,9158.0000000000,R,True
borinets_2001,Из Истринского водохранилища достали самолет-амфибию Cessna http://t.co/WqwCUZj8x2 http://t.co/zPgOJRcfhd,Russian Federation,Russian,2015-08-09T20:13:00,2015-08-09T20:13:00,1560.0000000000,842.0000000000,9159.0000000000,R,True
borinets_2001,Онижедети   https://t.co/dHMgUhggWt,Russian Federation,Russian,2015-08-10T23:52:00,2015-08-10T23:52:00,1559.0000000000,841.0000000000,9166.0000000000,R,True
borinets_2001,Обама заявил о наличии в США системных политических проблем  http://t.co/aRj7PXJvJC,Russian Federation,Russian,2015-08-11T00:51:00,2015-08-11T00:51:00,1559.0000000000,841.0000000000,9167.0000000000,R,True
borinets_2001,Глава миссии ООН в ЦАР уволился из-за скандалов с изнасилованиями http://t.co/eXPtSlVuM0,Russian Federation,Russian,2015-08-12T17:13:00,2015-08-12T17:13:00,1559.0000000000,841.0000000000,9182.0000000000,R,True
borinets_2001,Умер Анатолий Дьяков  http://t.co/TuPiwn7ICc http://t.co/Kk6KV2sf6h,Russian Federation,Russian,2015-08-12T19:11:00,2015-08-12T19:11:00,1559.0000000000,841.0000000000,9183.0000000000,R,True
borinets_2001,Количество абонентов Yota за год выросло до 1 млн  #hitech,Russian Federation,Ukrainian,2015-08-13T12:11:00,2015-08-13T12:11:00,1559.0000000000,841.0000000000,9185.0000000000,R,True
borinets_2001,Таски: в данный момент футбол «Спартака» доставляет мне большое удовольствие http://t.co/CBrvWGwByM,Russian Federation,Russian,2015-08-13T12:32:00,2015-08-13T12:32:00,1559.0000000000,841.0000000000,9186.0000000000,R,True
borinets_2001,"Twitter снял лимит в 140 знаков в личных сообщениях, сообщает USA Today. Отныне-сообщения любой длины.#новости#твиттер",Russian Federation,Russian,2015-08-13T13:33:00,2015-08-13T13:33:00,1559.0000000000,841.0000000000,9187.0000000000,R,True
borinets_2001,Заражение Эболой прибывшего из Африки жителя Смоленска не подтвердилось http://t.co/tEhU0zu2V5,Russian Federation,Russian,2015-08-13T14:53:00,2015-08-13T14:53:00,1559.0000000000,841.0000000000,9189.0000000000,R,True
borinets_2001,Януковича подозревают в получении взятки   http://t.co/l8R0vKP3OB http://t.co/FQAJ0KJIfy,Russian Federation,Russian,2015-08-13T16:32:00,2015-08-13T16:32:00,1559.0000000000,841.0000000000,9190.0000000000,R,True
borinets_2001,Адвокат Януковича: защита не получала уведомлений о нарушениях от генпрокуратуры http://t.co/JDHfbBZsWw,Russian Federation,Ukrainian,2015-08-13T17:52:00,2015-08-13T17:52:00,1559.0000000000,841.0000000000,9191.0000000000,R,True
borinets_2001,Подмосковная электричка подъехала к Курскому вокзалу с горящей кабиной http://t.co/z2m59ktDCf,Russian Federation,Russian,2015-08-14T07:12:00,2015-08-14T07:14:00,1558.0000000000,841.0000000000,9193.0000000000,R,True
borinets_2001,В Мали нарушено перемирие между повстанцами и властями http://t.co/HYYcOtJ3fp,Russian Federation,Ukrainian,2015-08-15T23:51:00,2015-08-15T23:52:00,1556.0000000000,839.0000000000,9200.0000000000,R,True
borinets_2001,Uber увеличит отдел безопасности из-за хакерских атак http://t.co/VxZ0CZbEem,Russian Federation,Russian,2015-08-17T02:30:00,2015-08-17T02:30:00,1555.0000000000,837.0000000000,9203.0000000000,R,True
borinets_2001,«Спортинг» — «ЦСКА»: онлайн-трансляция матча начнётся 18 августа в 21:45 http://t.co/KtVJ10WPHg,Russian Federation,Uzbek,2015-08-18T14:33:00,2015-08-18T14:33:00,1555.0000000000,837.0000000000,9209.0000000000,R,True
borinets_2001,ООН: более тысячи детей погибли и получили ранения в ходе конфликта в Йемене  http://t.co/gEQ8z36faC,Russian Federation,Russian,2015-08-19T21:51:00,2015-08-19T21:51:00,1555.0000000000,829.0000000000,9217.0000000000,R,True
borinets_2001,Захарченко: ОБСЕ игнорирует гибель мирных жителей   http://t.co/bvDdvi71yc http://t.co/7Wyyi5sYdh,Russian Federation,Russian,2015-08-20T08:39:00,2015-08-20T08:40:00,1555.0000000000,829.0000000000,9219.0000000000,R,True
borinets_2001,СМИ: в Южной Корее госпитализирован мужчина с подозрением на коронавирус  http://t.co/GavXzbY6nb,Russian Federation,Russian,2015-08-21T02:13:00,2015-08-21T02:13:00,1554.0000000000,829.0000000000,9222.0000000000,R,True
borinets_2001,Фракция правящей партии Греции создает новую партию http://t.co/2DMqgSVh4i,Russian Federation,Russian,2015-08-21T08:12:00,2015-08-21T08:12:00,1554.0000000000,829.0000000000,9223.0000000000,R,True
borinets_2001,580 млрд. $ потеряно за день: в финансах США начался «идеальный шторм»?   http://t.co/5HCBMbFGLE http://t.co/mkx7qVOvx9,Russian Federation,Russian,2015-08-22T20:12:00,2015-08-22T20:12:00,1554.0000000000,828.0000000000,9233.0000000000,R,True
borinets_2001,Клип   https://t.co/bPcZ6UDPHX,Russian Federation,Russian,2015-08-23T04:51:00,2015-08-23T04:51:00,1554.0000000000,825.0000000000,9235.0000000000,R,True
borinets_2001,"Из 20 000 жителей Печорского р-на Псковской обл., 12 000 имеют эстонское гражданство. Ок. #Россия1",Russian Federation,Russian,2015-08-23T19:32:00,2015-09-18T10:34:00,1555.0000000000,823.0000000000,9238.0000000000,R,True
borinets_2001,Якунин: «Не дадите денег — уволюсь». Путин: «Ну и уходи» https://t.co/bLvb9E3Fmi,Russian Federation,Macedonian,2015-08-24T08:52:00,2015-09-19T13:30:00,1555.0000000000,823.0000000000,9239.0000000000,R,True
borinets_2001,Киев о возможности лишения РФ права вето в Совбезе ООН  http://t.co/pQpgBucdJr http://t.co/oImsPedtod,Russian Federation,Russian,2015-08-25T20:30:00,2015-08-25T20:30:00,1555.0000000000,823.0000000000,9249.0000000000,R,True
borinets_2001,".@dem_coalition ""демократическая коалиция"", у вас все дома? Вам не кажется, что слегка предвосхищаете события?",Russian Federation,Russian,2015-08-27T08:52:00,2015-08-27T08:52:00,1555.0000000000,821.0000000000,9251.0000000000,R,True
borinets_2001,"Россия не разрешает Франции продавать ""Мистрали""  http://t.co/9AHE3HxH8i http://t.co/Zexsdf3sCi",Russian Federation,Russian,2015-08-27T10:43:00,2015-08-27T10:43:00,1555.0000000000,821.0000000000,9252.0000000000,R,True
borinets_2001,"Налетай, покупай, стрижка в CHOP-CHOP в подарок @LevSharansky http://t.co/QeHNzzKcO1",Russian Federation,Russian,2015-08-27T11:33:00,2015-08-27T11:33:00,1555.0000000000,821.0000000000,9253.0000000000,R,True
borinets_2001,"""Известия"": в Госдуме предлагают запретить старые импортные автобусы http://t.co/Vp3gxnZ8tf",Russian Federation,Russian,2015-08-28T03:51:00,2015-08-28T03:51:00,1554.0000000000,821.0000000000,9263.0000000000,R,True
borinets_2001,НФТ ПНХ,Russian Federation,Russian,2015-08-28T05:11:00,2015-09-23T23:41:00,1553.0000000000,821.0000000000,9264.0000000000,R,True
borinets_2001,Четверо заключенных погибли из-за короткого замыкания в карцере СИЗО Ульяновска  http://t.co/kmpMDSmKJA,Russian Federation,Russian,2015-08-29T18:31:00,2015-09-25T10:51:00,1554.0000000000,822.0000000000,9273.0000000000,R,True
borinets_2001,США готовы ввести санкции в отношении Китая  http://t.co/ol63iOCova http://t.co/TZXnmpfJvN,Russian Federation,Russian,2015-08-31T05:51:00,2015-08-31T05:51:00,1554.0000000000,820.0000000000,9272.0000000000,R,True
borinets_2001,Майк Тайсон планирует посетить Крым в ноябре http://t.co/ej0c4u7fSg,Russian Federation,Russian,2015-08-31T12:12:00,2015-08-31T12:13:00,1554.0000000000,820.0000000000,9274.0000000000,R,True
borinets_2001,КПРФ хочет вернуть прокурорам право возбуждать уголовные дела http://t.co/B6YfcvJelA,Russian Federation,Russian,2015-08-31T18:13:00,2015-08-31T18:13:00,1554.0000000000,819.0000000000,9276.0000000000,R,True
borinets_2001,"Замочат двоих-троих папенькиных сынков на феррарьках, может до остальных и дойдет, что простой народ уважать надо!",Russian Federation,Russian,2015-08-31T18:32:00,2015-09-27T18:56:00,1554.0000000000,819.0000000000,9277.0000000000,R,True
borinets_2001,"К 1 сентября сделали тест по школьной программе — химия, ОБЖ, литра, вот это все https://t.co/wBNfffgyML",Russian Federation,Russian,2015-09-01T06:31:00,2015-09-28T09:11:00,1554.0000000000,819.0000000000,9278.0000000000,R,True
borinets_2001,"Мартиаль: не хочу говорить о себе, но я очень быстрый http://t.co/mhVm2DYmpP",Russian Federation,Russian,2015-09-01T17:32:00,2015-09-01T17:32:00,1554.0000000000,819.0000000000,9282.0000000000,R,True
borinets_2001,Какой первый шаг сделала Канделаки навстречу Уткину  http://t.co/alBh3yAIVK http://t.co/bhyVJ1dDZJ,Russian Federation,Russian,2015-09-01T18:12:00,2015-09-01T18:12:00,1554.0000000000,819.0000000000,9284.0000000000,R,True
borinets_2001,Буссуфа продолжит карьеру в Саудовской Аравии http://t.co/xzgbNmzp6Y,Russian Federation,Russian,2015-09-02T15:12:00,2015-09-02T15:12:00,1552.0000000000,819.0000000000,9288.0000000000,R,True
borinets_2001,В метро в Москве можно будет заплатить с мобил   https://t.co/cwYn7e7SiH,Russian Federation,Russian,2015-09-04T12:33:00,2015-09-04T12:33:00,1552.0000000000,819.0000000000,9295.0000000000,R,True
borinets_2001,"Варуфакис сравнил с ""войной религий"" политику стран еврозоны в отношении Греции http://t.co/soHvHaEr7S",Russian Federation,Russian,2015-09-06T08:52:00,2015-09-06T08:52:00,1552.0000000000,817.0000000000,9299.0000000000,R,True
borinets_2001,Из бюджета России на питание незаконных мигрантов в Уфе направлено 700 тысяч рублей http://t.co/vSMQsrDqcs,Russian Federation,Russian,2015-09-06T09:34:00,2015-09-06T09:34:00,1552.0000000000,817.0000000000,9300.0000000000,R,True
borinets_2001,США отказали в визе президенту Федерации спортивной борьбы России  https://t.co/mvZNUsQc8u,Russian Federation,Russian,2015-09-06T15:34:00,2015-09-06T15:34:00,1552.0000000000,817.0000000000,9302.0000000000,R,True
borinets_2001,Джимми Моралес лидирует на президентских выборах в Гватемале http://t.co/KI1HEDDXPr,Russian Federation,Russian,2015-09-07T04:45:00,2015-09-07T04:45:00,1551.0000000000,816.0000000000,9303.0000000000,R,True
borinets_2001,Opel и Chevrolet досрочно уйдут с российского рынка  https://t.co/qHhWkagD11,Russian Federation,Russian,2015-09-07T07:56:00,2015-09-07T07:56:00,1551.0000000000,815.0000000000,9304.0000000000,R,True
borinets_2001,МИД РФ о задержании российских журналистов в Молдавии  http://t.co/bQqeQWlSiB http://t.co/zPBm5VTql9,Russian Federation,Russian,2015-09-08T09:45:00,2015-09-08T09:45:00,1551.0000000000,815.0000000000,9312.0000000000,R,True
borinets_2001,Суд подтвердил приговор учителю за стихотворение в поддержку Украины   https://t.co/vDdBxEhZV2,Russian Federation,Russian,2015-09-08T11:52:00,2015-09-08T11:52:00,1550.0000000000,815.0000000000,9314.0000000000,R,True
borinets_2001,"«Газета.Ru» представляет обзор самых интересных астрономических работ, вышедших в августе  http://t.co/3Mon83qKQP http://t.co/tukn5bqnGB",Russian Federation,Russian,2015-09-08T12:11:00,2015-09-08T12:11:00,1550.0000000000,815.0000000000,9315.0000000000,R,True
borinets_2001,У икспертов @ru_rbc училка по матике заболела и они снова с нами! http://t.co/WQoTAWAyff,Russian Federation,Russian,2015-09-08T13:33:00,2015-09-08T13:33:00,1551.0000000000,815.0000000000,9317.0000000000,R,True
borinets_2001,Глава ФМС: Потоки беженцев в Европу не угрожают России  http://t.co/uOjschSTHB http://t.co/v9FESdnLez,Russian Federation,Russian,2015-09-09T11:38:00,2015-09-09T11:38:00,1551.0000000000,815.0000000000,9323.0000000000,R,True
borinets_2001,В Нижнем Тагиле открылась международная выставка вооружений Russia Arms Expo 2015 – репортаж @AFarmer_RT (ВИДЕО) http://t.co/PkgXEwClca,Russian Federation,Russian,2015-09-09T14:02:00,2015-09-09T14:02:00,1551.0000000000,815.0000000000,9325.0000000000,R,True
borinets_2001,Вести с информационных полей http://t.co/aGwGIKMzGP http://t.co/rS7XCmMLql,Russian Federation,Russian,2015-09-09T14:11:00,2015-09-09T14:11:00,1551.0000000000,815.0000000000,9326.0000000000,R,True
borinets_2001,Суд смягчил приговор фотографу Лошагину за убийство жены http://t.co/uTokAz47ri,Russian Federation,Russian,2015-09-09T14:12:00,2015-09-09T14:12:00,1551.0000000000,815.0000000000,9327.0000000000,R,True
borinets_2001,Куртуа получил травму на тренировке и может пропустить матч с «Эвертоном» http://t.co/tVdqpLotN7,Russian Federation,Russian,2015-09-10T15:11:00,2015-09-10T15:12:00,1551.0000000000,814.0000000000,9330.0000000000,R,True
borinets_2001,"#НевскиеНовости СМИ: Беженцы попадают в ЕС с помощью Интернета, GPS и соцсетей http://t.co/lXMqMZowWp #СПб",Russian Federation,Russian,2015-09-10T18:13:00,2015-09-10T18:13:00,1551.0000000000,814.0000000000,9332.0000000000,R,True
borinets_2001,"«Динамо», вероятно, начнёт играть на «ВТБ Арене» с весны 2018 года http://t.co/blrrE6ZkV3",Russian Federation,Russian,2015-09-11T14:32:00,2015-09-11T14:32:00,1551.0000000000,814.0000000000,9335.0000000000,R,True
borinets_2001,Сегодня утром в Ростовской области украинской РДГ были похищены и незаконно вывезены на Украину двое граждан РФ  http://t.co/u6KsTnP36B,Russian Federation,Russian,2015-09-12T10:40:00,2015-09-12T10:40:00,1551.0000000000,814.0000000000,9333.0000000000,R,True
borinets_2001,Думбия: пропущенный гол немного всё испортил http://t.co/jpIqF5a4rt,Russian Federation,Russian,2015-09-12T12:54:00,2015-09-12T12:54:00,1554.0000000000,813.0000000000,9335.0000000000,R,True
borinets_2001,"Главы МИД ""нормандской четверки"" завершили переговоры в Берлине  http://t.co/IaE0wuU1eQ",Russian Federation,Russian,2015-09-12T21:12:00,2015-09-12T21:13:00,1549.0000000000,812.0000000000,9339.0000000000,R,True
borinets_2001,"СМИ: футболист питерского ""Динамо"" задержан за ДТП с двумя погибшими http://t.co/TSTrPwSive #СПб",Russian Federation,Ukrainian,2015-09-12T22:34:00,2015-09-12T22:34:00,1549.0000000000,812.0000000000,9340.0000000000,R,True
borinets_2001,Зе Луиш не вернулся в расположение «Спартака» и не сыграет с «Ростовом» http://t.co/SrDddJ6M7J,Russian Federation,Russian,2015-09-13T10:44:00,2015-09-13T10:44:00,1549.0000000000,812.0000000000,9343.0000000000,R,True
borinets_2001,Песков: Москва не занимается сменой режимов и не ведет тайных переговоров по Сирии http://t.co/hVruiKvfBs,Russian Federation,Russian,2015-09-14T19:31:00,2015-09-14T19:31:00,1549.0000000000,813.0000000000,9346.0000000000,R,True
borinets_2001,"Лидер Лейбористской партии отказался петь ""Боже, храни королеву"" на официальном мероприятии http://t.co/PyJ3T4xIcd",Russian Federation,Russian,2015-09-15T18:38:00,2015-09-15T18:38:00,1551.0000000000,814.0000000000,9350.0000000000,R,True
borinets_2001,Goldman Sachs допустил сохранение низких цен на нефть в течение 15 лет http://t.co/DaAlxSSTbS,Russian Federation,Russian,2015-09-17T10:51:00,2015-09-17T10:51:00,1550.0000000000,815.0000000000,9359.0000000000,R,True
borinets_2001,Американские военные заявляют о российских истребителях в Сирии http://t.co/uX5Rmu6lsN,Russian Federation,Russian,2015-09-18T18:33:00,2015-09-18T18:33:00,986.0000000000,813.0000000000,9362.0000000000,R,True
borinets_2001,Почему именно средний класс творит искусство  http://t.co/cByhCDKw15 http://t.co/I20V20ller,Russian Federation,Russian,2015-09-19T19:11:00,2015-09-19T19:14:00,986.0000000000,812.0000000000,9369.0000000000,R,True
borinets_2001,"Оглашение приговора по делу о ХК ""Локомотив"" начнется в Ярославле http://t.co/w7TSksGNoN http://t.co/HuFfVq77m3",Russian Federation,Russian,2015-09-21T00:11:00,2015-09-21T00:11:00,986.0000000000,812.0000000000,9375.0000000000,R,True
borinets_2001,Московская биржа приостановила торги на срочном рынке  http://t.co/a9EKP30JE2,Russian Federation,Russian,2015-09-21T08:11:00,2015-09-21T08:11:00,986.0000000000,812.0000000000,9378.0000000000,R,True
borinets_2001,Более 800 фур заблокированы на границе Украины и Крыма — чем бы дитя ни тешилось...   http://t.co/PRujBwhrED http://t.co/LSb4BHmA8m,Russian Federation,Russian,2015-09-21T08:51:00,2015-09-21T08:51:00,986.0000000000,812.0000000000,9379.0000000000,R,True
borinets_2001,Эксгумация останков Николая II проходит в Петербурге  http://t.co/OHeIIuSlIV http://t.co/RcjiC6wCTT,Russian Federation,Russian,2015-09-23T16:32:00,2015-09-23T16:32:00,986.0000000000,810.0000000000,9388.0000000000,R,True
borinets_2001,"Аааа, вот у кого Клюшка спиздил твит https://t.co/F4oX1LryMm",Russian Federation,Ukrainian,2015-09-23T18:14:00,2015-09-23T18:14:00,986.0000000000,810.0000000000,9389.0000000000,R,True
borinets_2001,Хет-трик Ткачука принёс «Зениту» победу над «Волгой» в Кубке России http://t.co/anaZcdR2MY #спб  #спорт,Russian Federation,Russian,2015-09-23T22:31:00,2015-09-23T22:33:00,986.0000000000,811.0000000000,9391.0000000000,R,True
borinets_2001,"Более 450 человек погибли в результате давки в Саудовской Аравии, пострадали свыше 700 http://t.co/lSRCcwCiGm",Russian Federation,Russian,2015-09-24T12:13:00,2015-09-24T12:13:00,986.0000000000,811.0000000000,9394.0000000000,R,True
borinets_2001,В Ростове-на-Дону произошел серьезный пожар в кафе http://t.co/1v1jSBzmA3,Russian Federation,Russian,2015-09-24T23:51:00,2015-09-24T23:51:00,986.0000000000,813.0000000000,9395.0000000000,R,True
borinets_2001,В Китае появился подвесной мост из стекла http://t.co/V889sds9JN,Russian Federation,Russian,2015-09-25T04:33:00,2015-09-25T04:33:00,986.0000000000,813.0000000000,9396.0000000000,R,True
borinets_2001,"Пресс-служба: мэр Сыктывкара не в СИЗО, а в отпуске http://t.co/pxavd9VsjM",Russian Federation,Serbian,2015-09-25T09:13:00,2015-09-25T09:13:00,986.0000000000,813.0000000000,9398.0000000000,R,True
borinets_2001,Украина готовит новые санкции против России  http://t.co/tspox1pgWO http://t.co/vYCLzwOw96,Russian Federation,Russian,2015-09-25T11:51:00,2015-09-25T11:51:00,986.0000000000,813.0000000000,9399.0000000000,R,True
borinets_2001,"Назван идеальный хит всех времен http://t.co/jBuWvT7kQg © flickr, Martin Fisch http://t.co/TqPAgKhO1W",Russian Federation,Russian,2015-09-25T20:11:00,2015-09-25T20:11:00,986.0000000000,813.0000000000,9401.0000000000,R,True
borinets_2001,'@realDonaldTrump @taurus82409 @CBS @60Minutes http://t.co/JizkkP33Uf',Russian Federation,Russian,2015-09-26T13:08:00,2015-09-26T13:09:00,983.0000000000,812.0000000000,9402.0000000000,R,True
borinets_2001,Польша вызвала посла России после замечаний о российского-польских отношениях http://t.co/NLXwEtrYoo,Russian Federation,Russian,2015-09-26T14:10:00,2015-09-26T14:11:00,983.0000000000,812.0000000000,9404.0000000000,R,True
borinets_2001,Мэр Сыктывкара арестован https://t.co/Od0A1FDU1y,Russian Federation,Serbian,2015-09-26T14:53:00,2015-09-26T14:53:00,983.0000000000,812.0000000000,9405.0000000000,R,True
borinets_2001,'@salty_1970 Здароф.Ждёшь выступление тирана?',Russian Federation,Russian,2015-09-28T02:12:00,2015-09-28T02:12:00,984.0000000000,813.0000000000,9417.0000000000,R,True
borinets_2001,Нефть дешевеет на фоне опасений за мировую экономику http://t.co/foEIWSTZNi http://t.co/V0SfmfcqGK,Russian Federation,Russian,2015-09-28T06:12:00,2015-10-06T02:38:00,981.0000000000,810.0000000000,9471.0000000000,R,True
borinets_2001,Медведев поручил рассмотреть санкции против авиакомпаний Украины  http://t.co/yKbReeksZl http://t.co/QgHT0IXpkF,Russian Federation,Russian,2015-09-28T11:52:00,2015-09-28T11:52:00,984.0000000000,814.0000000000,9420.0000000000,R,True
borinets_2001,Сандро вместо Месси выйдет в составе «Барселоны» на матч с «Байером» http://t.co/hMgn9WO4wq,Russian Federation,Russian,2015-09-29T18:32:00,2015-09-29T18:32:00,984.0000000000,814.0000000000,9429.0000000000,R,True
borinets_2001,Кремль опроверг требование Москвы к Вашингтону очистить небо над Сирией  http://t.co/cXILIoeSnX,Russian Federation,Russian,2015-09-30T19:33:00,2015-09-30T19:33:00,983.0000000000,813.0000000000,9434.0000000000,R,True
borinets_2001,Соколов о будущем «Трансаэро»: банкротство — лишь один из вариантов http://t.co/Qmdq8scXuR http://t.co/YF4L2Ez5tj,Russian Federation,Russian,2015-10-01T18:35:00,2015-10-01T18:35:00,982.0000000000,812.0000000000,9440.0000000000,R,True
borinets_2001,«Урал» — «Крылья Советов»: онлайн-трансляция матча начнётся 2 октября в 17:00 http://t.co/uiFylV9PhF,Russian Federation,Russian,2015-10-02T10:33:00,2015-10-02T10:33:00,982.0000000000,810.0000000000,9444.0000000000,R,True
borinets_2001,Аэрофлот решил возить пассажиров Трансаэро подольше — до 15 декабря    https://t.co/bFgW5mtkfj,Russian Federation,Russian,2015-10-02T14:13:00,2015-10-02T14:14:00,982.0000000000,810.0000000000,9446.0000000000,R,True
borinets_2001,"Сечин рассказал Медведеву о том, что налоги на нефтянку повышать нельзя http://t.co/xEAprxjVAf",Russian Federation,Russian,2015-10-02T18:54:00,2015-10-02T18:54:00,982.0000000000,810.0000000000,9448.0000000000,R,True
borinets_2001,"Пушков: Меркель впервые допустила, что Крым не вернется в состав Украины http://t.co/O40CEwFA2r",Russian Federation,Russian,2015-10-03T11:32:00,2015-10-03T11:32:00,982.0000000000,811.0000000000,9454.0000000000,R,True
borinets_2001,«Аэрофлот» опроверг данные о прекращении выдачи билетов на рейсы «Трансаэро» для туристов  http://t.co/2gOw3c7Xru http://t.co/01rFrEq2iH,Russian Federation,Russian,2015-10-03T20:52:00,2015-10-03T20:52:00,981.0000000000,811.0000000000,9458.0000000000,R,True
borinets_2001,Где вам дадут посидеть за штурвалом самолета-амфибии    http://t.co/9fe9ygGJay http://t.co/1qyRjoKQa6,Russian Federation,Russian,2015-10-03T21:52:00,2015-10-03T21:52:00,981.0000000000,811.0000000000,9460.0000000000,R,True
borinets_2001,Троллинг 80 lvl ))) https://t.co/ozXArmAwK2,Russian Federation,Uzbek,2015-10-04T05:31:00,2015-10-04T05:31:00,981.0000000000,811.0000000000,9461.0000000000,R,True
borinets_2001,Мертвое дерби Слуцкого  http://t.co/NveQvaZeiH http://t.co/RA6wiIXGEM,Russian Federation,Ukrainian,2015-10-04T10:12:00,2015-10-04T10:12:00,981.0000000000,811.0000000000,9462.0000000000,R,True
borinets_2001,FT: Россия помешала планам США по созданию бесполетной зоны в Сирии http://t.co/z1mWOocpFc,Russian Federation,Russian,2015-10-05T05:52:00,2015-10-05T05:52:00,980.0000000000,810.0000000000,9468.0000000000,R,True
borinets_2001,В РПЦ назвали священный долг России  http://t.co/AkcGe7FrWj http://t.co/cc5iFR0CNz,Russian Federation,Russian,2015-10-07T14:52:00,2015-10-07T14:52:00,981.0000000000,810.0000000000,9477.0000000000,R,True
borinets_2001,"мы не вводили войска в Сирию, мы просто зашли на огонек",Russian Federation,Ukrainian,2015-10-08T09:11:00,2015-10-08T09:11:00,981.0000000000,810.0000000000,9482.0000000000,R,True
borinets_2001,"Росавиация: самолеты ""Трансаэро"" могут быть использованы другими авиакомпаниями http://t.co/VOX6Oy5Wp1",Russian Federation,Russian,2015-10-08T16:22:00,2015-10-08T16:22:00,981.0000000000,810.0000000000,9484.0000000000,R,True
borinets_2001,гуманитарию в армии тяжело. нельзя рассказать устав «своими словами»,Russian Federation,Russian,2015-10-08T21:57:00,2015-10-08T21:58:00,981.0000000000,809.0000000000,9485.0000000000,R,True
borinets_2001,"Средневзвешенный курс доллара на ЕТС снизился до 61,29 рубля http://t.co/hQ6hc0nO4c © AP Photo/ Martin Meissner http://t.co/99DHNdpgSs",Russian Federation,Russian,2015-10-09T09:32:00,2015-10-09T09:32:00,981.0000000000,809.0000000000,9488.0000000000,R,True
borinets_2001,Глава ДНР Александр Захарченко подписал указ о переносе местных выборов на 2016 год http://t.co/QOobyRZ5un,Russian Federation,Russian,2015-10-09T16:12:00,2015-10-09T16:12:00,981.0000000000,811.0000000000,9489.0000000000,R,True
borinets_2001,"Пентагон: США могут контролировать оборудование, которое поставляют сирийской оппозиции http://t.co/5CEXIxkLie",Russian Federation,Russian,2015-10-09T17:52:00,2015-10-09T17:52:00,981.0000000000,811.0000000000,9490.0000000000,R,True
borinets_2001,Каррагер: назначение Клоппа — громкое заявление «Ливерпуля» http://t.co/y52fVVIJv4,Russian Federation,Russian,2015-10-10T08:52:00,2015-10-10T08:52:00,981.0000000000,811.0000000000,9450.0000000000,R,True
borinets_2001,Правительство: Япония будет следить за обстановкой в мире при подготовке визита Путина  http://t.co/tQsgWMkdpk,Russian Federation,Russian,2015-10-11T04:13:00,2015-10-11T04:13:00,981.0000000000,811.0000000000,9454.0000000000,R,True
borinets_2001,Основная версия смерти симферопольского стрелка &ndash; самоубийство http://t.co/bPLEhaEVfc,Russian Federation,Russian,2015-10-11T08:11:00,2015-10-11T08:11:00,981.0000000000,810.0000000000,9455.0000000000,R,True
borinets_2001,Путин: опасность терактов есть и без операции в Сирии http://t.co/RK1IULXlaQ,Russian Federation,Russian,2015-10-11T12:12:00,2015-10-11T12:12:00,981.0000000000,810.0000000000,9456.0000000000,R,True
borinets_2001,Россия ждет от НАТО разъяснения о разрешении сбивать российские самолеты http://t.co/NkeUlBMoD6 http://t.co/wz9lT1SVWr,Russian Federation,Russian,2015-10-11T15:14:00,2015-10-11T15:14:00,981.0000000000,810.0000000000,9458.0000000000,R,True
borinets_2001,#Динамо предложило Габулову пойти на понижение зарплаты   http://t.co/iZ9XddctZR http://t.co/TGtaMrbjRQ,Russian Federation,Russian,2015-10-12T12:14:00,2015-10-12T12:14:00,981.0000000000,810.0000000000,9463.0000000000,R,True
borinets_2001,"Лавров посетил посольство Турции в Москве, оставив запись в Книге памяти жертв теракта http://t.co/ZDc9siL9kQ",Russian Federation,Russian,2015-10-12T13:32:00,2015-10-12T13:32:00,981.0000000000,810.0000000000,9464.0000000000,R,True
borinets_2001,Астахов выступил с предложением насчет УК  http://t.co/lnBieODkU0 http://t.co/cKRqnygAVa,Russian Federation,Russian,2015-10-12T18:32:00,2015-10-12T18:32:00,981.0000000000,810.0000000000,9191.0000000000,R,True
borinets_2001,В США девушку поймали за нетрезвым вождением через приложение прямых видеотрансляций http://t.co/cZAToj2HS4,Russian Federation,Russian,2015-10-13T20:11:00,2015-10-13T20:11:00,982.0000000000,809.0000000000,9192.0000000000,R,True
borinets_2001,Мутко попросил правительство вернуть пиво на стадионы: http://t.co/VkOphsL84w,Russian Federation,Russian,2015-10-13T20:33:00,2015-10-13T20:33:00,982.0000000000,809.0000000000,9193.0000000000,R,True
borinets_2001,женщина в звании не ниже майора может войти в горящий танк и остановить вражеский истребитель на лету,Russian Federation,Russian,2015-10-14T11:34:00,2015-10-14T11:34:00,982.0000000000,810.0000000000,9196.0000000000,R,True
borinets_2001,Билеты в государственные музеи Греции сильно подорожают — до 430% http://t.co/RgDswOswy7,Russian Federation,Russian,2015-10-14T18:18:00,2015-10-14T18:18:00,983.0000000000,811.0000000000,9198.0000000000,R,True
borinets_2001,"если ты в армии, считай, нашел хату на Новый год",Russian Federation,Russian,2015-10-15T08:32:00,2015-10-15T08:32:00,982.0000000000,810.0000000000,9199.0000000000,R,True
borinets_2001,"Перезвоните, если вас убивают  http://t.co/DoxeTJfLQA http://t.co/aTPCpMPkJW",Russian Federation,Russian,2015-10-15T12:15:00,2015-10-15T12:15:00,982.0000000000,810.0000000000,9201.0000000000,R,True
borinets_2001,Дональд Трамп и наркобарон Коротышка стали образами для костюмов на Хэллоуин: http://t.co/OXNjdrdU4M,Russian Federation,Ukrainian,2015-10-16T04:11:00,2015-10-17T01:25:00,982.0000000000,810.0000000000,9210.0000000000,R,True
borinets_2001,"Турция сбила беспилотник на границе с Сирией. Ранее военные заявляли о самолете, сбитом при патрулировании границы http://t.co/O5uY2nvNEf",Russian Federation,Russian,2015-10-16T11:54:00,2015-10-16T11:54:00,982.0000000000,810.0000000000,9206.0000000000,R,True
borinets_2001,Автобус с латвийскими депутатами попал в аварию в Польше http://t.co/s5iTTR2nQv,Russian Federation,Russian,2015-10-16T18:13:00,2015-10-16T18:13:00,982.0000000000,810.0000000000,9209.0000000000,R,True
borinets_2001,"Новый постер фильма ""007: Спектр"" наводит ужас http://t.co/VcWeFnz7e2",Russian Federation,Russian,2015-10-18T10:51:00,2015-10-18T10:51:00,982.0000000000,810.0000000000,9217.0000000000,R,True
borinets_2001,Потери инвесторов Volkswagen оценили в 40 миллиардов евро: http://t.co/IqVpL14vI1,Russian Federation,Russian,2015-10-18T11:51:00,2015-10-18T11:51:00,982.0000000000,810.0000000000,9218.0000000000,R,True
borinets_2001,Горельеф с Мефистофелем восстановят в Петербурге не раньше 2021 года http://t.co/RcpMsITQqB,Russian Federation,Ukrainian,2015-10-19T11:15:00,2015-10-19T11:15:00,981.0000000000,809.0000000000,9220.0000000000,R,True
borinets_2001,В Москве за посредничество в передаче взятки задержан с поличным зампрокурора района  https://t.co/r54DFDVEmS,Russian Federation,Russian,2015-10-21T16:31:00,2015-10-21T16:31:00,982.0000000000,810.0000000000,9226.0000000000,R,True
borinets_2001,WIkileaks опубликовал электронные письма главы ЦРУ https://t.co/ey4wsFYLty,Russian Federation,Russian,2015-10-21T21:13:00,2015-10-21T21:13:00,981.0000000000,810.0000000000,9227.0000000000,R,True
borinets_2001,Дайверы обнаружили затонувшую 300 лет назад в Швеции яхту Петра I https://t.co/0AtxcOJSVq,Russian Federation,Russian,2015-10-22T12:35:00,2015-10-22T12:35:00,981.0000000000,810.0000000000,9231.0000000000,R,True
borinets_2001,«Трансаэро» возглавит самый близкий к рядовому персоналу топ-менеджер  https://t.co/SZxt27ZY9E https://t.co/9MddL4LOae,Russian Federation,Russian,2015-10-22T16:53:00,2015-10-22T16:54:00,981.0000000000,810.0000000000,9232.0000000000,R,True
borinets_2001,Суд продлил арест устроившей смертельное ДТП дочери иркутского депутата  https://t.co/JSUVEHwqbV https://t.co/EYukyhFL8d,Russian Federation,Russian,2015-10-23T07:12:00,2015-10-23T07:12:00,981.0000000000,810.0000000000,9234.0000000000,R,True
borinets_2001,"Российский солдат во время короткого отдыха. Чечня, 2000 год. https://t.co/j6dqpfhCOO",Russian Federation,Russian,2015-10-23T08:12:00,2015-10-23T08:12:00,981.0000000000,810.0000000000,9236.0000000000,R,True
borinets_2001,"Россия поставит на Кубу около тысячи ""КамАЗов"" https://t.co/li3lYhjCUg",Russian Federation,Russian,2015-10-23T09:12:00,2015-10-23T09:12:00,981.0000000000,810.0000000000,9237.0000000000,R,True
borinets_2001,Пройди тест “Кто ты в сериале “Солдаты”! Это займёт всего один год!,Russian Federation,Russian,2015-10-25T15:52:00,2015-10-25T15:53:00,980.0000000000,808.0000000000,9246.0000000000,R,True
borinets_2001,Хочешь выиграть iPhone 6 ? А еще лучше 1 000 000 рублей?   Участвуй в конкурсе #LifeCorr   https://t.co/PFkEGsqlVs https://t.co/4ncsGS1Emu,Russian Federation,Russian,2015-10-25T19:52:00,2015-10-25T19:53:00,980.0000000000,808.0000000000,9248.0000000000,R,True
borinets_2001,На выборах в Польше победила партия экс-премьера Качиньского #новости https://t.co/bsqAswMRFn,Russian Federation,Russian,2015-10-26T22:54:00,2015-10-26T22:54:00,981.0000000000,807.0000000000,9251.0000000000,R,True
borinets_2001,1. Генетика 2. Айфоника https://t.co/FX79B10uls,Russian Federation,Macedonian,2015-10-29T07:22:00,2015-10-29T07:22:00,980.0000000000,808.0000000000,9261.0000000000,R,True
borinets_2001,СК возбудил дело по факту катастрофы самолета в Египте https://t.co/q2oFO1wD1L,Russian Federation,Bulgarian,2015-10-31T11:12:00,2015-10-31T11:13:00,981.0000000000,810.0000000000,9270.0000000000,R,True
borinets_2001,Шарапова проиграла в полуфинале итогового турнира WTA: https://t.co/eUCXlJRIHl,Russian Federation,Russian,2015-10-31T13:54:00,2015-10-31T13:54:00,981.0000000000,810.0000000000,9272.0000000000,R,True
borinets_2001,«Черные ящики» разбившегося самолета будут расшифровываться в России  https://t.co/7sfa8Lq4Bp https://t.co/V0qU1aSAk5,Russian Federation,Russian,2015-10-31T13:55:00,2015-10-31T13:55:00,981.0000000000,810.0000000000,9273.0000000000,R,True
borinets_2001,".@NEKACAB ссыль дай на это! А картинку я те любую нарисую, мудак! @alexsandr047 @serg_7575 @belamova",Russian Federation,Russian,2015-10-31T16:55:00,2015-10-31T16:55:00,981.0000000000,810.0000000000,9274.0000000000,R,True
borinets_2001,"Кузнецов забросил пятую шайбу в сезоне и принес ""Вашингтону"" победу в матче с ""Флоридой"" https://t.co/JxpAvj0LqZ",Russian Federation,Russian,2015-11-01T06:13:00,2015-11-01T06:13:00,981.0000000000,810.0000000000,9276.0000000000,R,True
borinets_2001,СМИ: число жертв отравления поддельным алкоголем в Турции возросло до 23 человек  https://t.co/VN9AURYv8Z,Russian Federation,Russian,2015-11-01T15:31:00,2015-11-01T15:31:00,981.0000000000,810.0000000000,9275.0000000000,R,True
borinets_2001,Exit poll: правящая партия может получить не менее 66 мест в парламенте Азербайджана https://t.co/FAUM8gUpZJ,Russian Federation,Russian,2015-11-01T18:52:00,2015-11-01T18:52:00,981.0000000000,810.0000000000,9277.0000000000,R,True
borinets_2001,"российские солдаты настолько суровы, что откровенный разговор могут позволить себе только со своим оружием. когда никто не видит",Russian Federation,Russian,2015-11-01T20:32:00,2015-11-01T20:32:00,981.0000000000,810.0000000000,9279.0000000000,R,True
borinets_2001,Жители Рима несут цветы к посольству РФ в память о жертвах ЧП с А321 https://t.co/TGdlSqLccq #7K9268 https://t.co/jxtdyPwXkS,Russian Federation,Russian,2015-11-01T20:52:00,2015-11-01T20:52:00,981.0000000000,810.0000000000,9280.0000000000,R,True
borinets_2001,"""Известия"": запуск космической системы ""Арктика"" перенесен из-за санкций США https://t.co/W9LVbZcwW7",Russian Federation,Russian,2015-11-02T01:55:00,2015-11-02T01:55:00,981.0000000000,810.0000000000,9281.0000000000,R,True
borinets_2001,Соглашение о создании парламентской коалиции Киргизии подпишут четыре партии  https://t.co/ksl497rox9,Russian Federation,Russian,2015-11-02T05:14:00,2015-11-02T05:14:00,981.0000000000,809.0000000000,9282.0000000000,R,True
borinets_2001,Китай представил конкурента Boeing  https://t.co/fSCHI0V9K3 https://t.co/eqZZwdXDAI,Russian Federation,Bulgarian,2015-11-02T18:06:00,2015-11-02T18:06:00,981.0000000000,809.0000000000,9285.0000000000,R,True
borinets_2001,Apple задумала создать приложение по отслеживанию местоположения внутри здания: https://t.co/jVKVeDajYy,Russian Federation,Russian,2015-11-02T19:36:00,2015-11-02T19:36:00,981.0000000000,810.0000000000,9286.0000000000,R,True
borinets_2001,Американский спутник зафиксировал тепловую вспышку перед падением A321. Это мог быть взрыв:  https://t.co/EFrZMWeD6n https://t.co/kAbhPZjdhu,Russian Federation,Russian,2015-11-03T00:57:00,2015-11-03T00:57:00,981.0000000000,810.0000000000,9287.0000000000,R,True
borinets_2001,В Узбекистане расследуют факт отправки 18 человек в Сирию https://t.co/pXEINlxa3g https://t.co/AvjeRXOhee,Russian Federation,Russian,2015-11-03T07:16:00,2015-11-03T07:17:00,981.0000000000,810.0000000000,9289.0000000000,R,True
borinets_2001,"Великобритания считает, кто крушение А321 могло произойти из-за бомбы. Поэтому отменили рейсы из Шарм-эль-Шейха https://t.co/qjIhpYxhQ0",Russian Federation,Russian,2015-11-04T18:32:00,2015-11-04T18:32:00,978.0000000000,806.0000000000,9296.0000000000,R,True
borinets_2001,Экс-глава IAAF подозревается в получении взятки от ВФЛА в 1 млн евро  https://t.co/hBkpegUsHB https://t.co/QOn0V8B6PZ,Russian Federation,Russian,2015-11-04T19:54:00,2015-11-04T19:55:00,978.0000000000,807.0000000000,9297.0000000000,R,True
borinets_2001,Россия поставила Сирии ЗРС на случай форс-мажорных обстоятельств https://t.co/J7Z9uzrMSu https://t.co/C6QaWY5mku,Russian Federation,Russian,2015-11-05T08:15:00,2015-11-05T08:15:00,978.0000000000,808.0000000000,9299.0000000000,R,True
borinets_2001,Первые похороны погибших при крушении А321 пройдут в Великом Новгороде https://t.co/QX6bGNfoYc,Russian Federation,Russian,2015-11-05T09:13:00,2015-11-05T09:14:00,978.0000000000,808.0000000000,9300.0000000000,R,True
borinets_2001,"Данные СМИ о причинах крушения A321 не отражают позиции Вашингтона, заявили США https://t.co/cT2v7i3pQv",Russian Federation,Russian,2015-11-05T13:14:00,2015-11-05T13:14:00,978.0000000000,808.0000000000,9301.0000000000,R,True
borinets_2001,Два человека ранены в ДТП на Кутузовском проспекте Москвы с участием восьми машин https://t.co/aJuF1Z9e5F,Russian Federation,Russian,2015-11-05T17:15:00,2015-11-05T17:16:00,978.0000000000,808.0000000000,9302.0000000000,R,True
borinets_2001,В результате взрыва на хлебозаводе в Румынии пострадали шесть человек https://t.co/iRFVXd7CW7,Russian Federation,Russian,2015-11-06T01:52:00,2015-11-06T01:52:00,978.0000000000,810.0000000000,9304.0000000000,R,True
borinets_2001,Запретят после выступления. Эстрнцы же :) https://t.co/xkzmqcns2X,Russian Federation,Russian,2015-11-07T02:12:00,2015-11-07T02:12:00,978.0000000000,810.0000000000,9308.0000000000,R,True
borinets_2001,СМИ: За два месяца до катастрофы А321 над Синайским полуостровом чуть не сбили британский лайнер  https://t.co/ytRC7O663c,Russian Federation,Ukrainian,2015-11-07T03:31:00,2015-11-07T03:34:00,978.0000000000,810.0000000000,9309.0000000000,R,True
borinets_2001,"'@salty_1970 думаю, да'",Russian Federation,Russian,2015-11-07T09:33:00,2015-11-07T09:33:00,978.0000000000,810.0000000000,9310.0000000000,R,True
borinets_2001,Политолог: встреча руководителей КНР и Тайваня — пиар для обеих сторон https://t.co/6Lss15md6O © Flickr/ Gene Zhang https://t.co/dRaDHSGsPU,Russian Federation,Russian,2015-11-08T04:51:00,2015-11-08T04:51:00,977.0000000000,809.0000000000,9314.0000000000,R,True
borinets_2001,Ахахахахаха! https://t.co/5L6NvKdpjZ,Russian Federation,Russian,2015-11-08T09:42:00,2015-11-08T09:42:00,977.0000000000,809.0000000000,9315.0000000000,R,True
borinets_2001,Российские туристы могут заказать доставку багажа из Египта с помощью «Почты России» https://t.co/5UPMBydEeM,Russian Federation,Russian,2015-11-08T11:14:00,2015-11-08T11:20:00,977.0000000000,809.0000000000,9316.0000000000,R,True
borinets_2001,«Зенит» проиграл в Москве «Локомотиву» https://t.co/vdmH5f4qVz #спб  #спорт,Russian Federation,Russian,2015-11-08T20:11:00,2015-11-08T20:11:00,977.0000000000,809.0000000000,9317.0000000000,R,True
borinets_2001,Суд признал виновными четырех фигурантов дела об аварии в московском метро: https://t.co/CelzJzXSef,Russian Federation,Russian,2015-11-09T11:33:00,2015-11-09T11:33:00,977.0000000000,809.0000000000,9318.0000000000,R,True
borinets_2001,Путевки в Турцию подорожали https://t.co/4XYfkQGTGo https://t.co/Oxj5SOYOtF,Russian Federation,Russian,2015-11-10T11:52:00,2015-11-10T11:53:00,977.0000000000,804.0000000000,9321.0000000000,R,True
borinets_2001,скоро армия станет единственным способом побывать в Египте,Russian Federation,Russian,2015-11-11T08:33:00,2015-11-11T08:33:00,977.0000000000,804.0000000000,9325.0000000000,R,True
borinets_2001,Чемпионка UFC отказалась поддержать кандидатуру Трампа  https://t.co/tb4n405jqH https://t.co/ufnSfaK4LI,Russian Federation,Russian,2015-11-11T19:34:00,2015-11-11T19:34:00,976.0000000000,803.0000000000,9329.0000000000,R,True
borinets_2001,Депутат внес в Госдуму законопроект о запрете скидок на алкоголь  https://t.co/53AbGzbgEy https://t.co/A1u97UZabd,Russian Federation,Ukrainian,2015-11-12T05:52:00,2015-11-12T05:52:00,976.0000000000,802.0000000000,9330.0000000000,R,True
borinets_2001,"Песков: РФ получает письма от французов, которым стыдно за карикатуры Charlie Hebdo о A321  https://t.co/xgv17199zq https://t.co/AHC0U2GDTi",Russian Federation,Russian,2015-11-12T19:13:00,2015-11-12T19:13:00,975.0000000000,800.0000000000,9333.0000000000,R,True
borinets_2001,Французский издатель установил в Гренобле автоматы с бесплатными рассказами https://t.co/h1GeO2eEnM,Russian Federation,Russian,2015-11-13T14:55:00,2015-11-13T14:56:00,975.0000000000,799.0000000000,9337.0000000000,R,True
borinets_2001,Депутаты Госдумы приняли бюджет-2016 в первом чтении https://t.co/qS75DipY5E,Russian Federation,Russian,2015-11-13T15:03:00,2015-11-13T15:04:00,975.0000000000,799.0000000000,9338.0000000000,R,True
borinets_2001,Законопроект о заморозке накопительной части пенсии в 2016 году принят в первом чтении https://t.co/jWHn9jY34Z,Russian Federation,Russian,2015-11-13T15:55:00,2015-11-13T15:55:00,975.0000000000,799.0000000000,9340.0000000000,R,True
borinets_2001,Лесин похоронен в Лос-Анджелесе  https://t.co/eo1sumCmNH https://t.co/SeCceQaMFQ,Russian Federation,Russian,2015-11-13T16:38:00,2015-11-13T16:39:00,975.0000000000,799.0000000000,9341.0000000000,R,True
borinets_2001,От России требуют отозвать авиацию из Сирии  https://t.co/VwUasfCw8u https://t.co/5z84MxoArj,Russian Federation,Russian,2015-11-13T20:16:00,2015-11-13T20:16:00,975.0000000000,799.0000000000,9342.0000000000,R,True
borinets_2001,EgyptAir получила официальное уведомление о запрете полетов в Россию https://t.co/5HyIdAWtRy,Russian Federation,Russian,2015-11-13T20:40:00,2015-11-13T20:40:00,975.0000000000,799.0000000000,9343.0000000000,R,True
borinets_2001,"«Батаклан» стал мишенью за поддержку Charlie Hebdo Над входом в концертный зал висела табличка с надписью ""Je …  https://t.co/yjojcGWo0l",Russian Federation,Russian,2015-11-14T05:12:00,2015-11-14T05:13:00,976.0000000000,799.0000000000,9344.0000000000,R,True
borinets_2001,"""Мы с вами"": москвичи скорбят по жертвам терактов во Франции.   https://t.co/VzQhd8YZEi #ParisAttacks #PrayForParis https://t.co/xdBJrRwuos",Russian Federation,Russian,2015-11-14T10:43:00,2015-11-14T10:43:00,976.0000000000,798.0000000000,9346.0000000000,R,True
borinets_2001,СМИ: личности двух совершивших теракты в Париже установлены https://t.co/qmZjXwpGSS https://t.co/QvgqqSW8VM,Russian Federation,Russian,2015-11-14T13:14:00,2015-11-14T13:14:00,976.0000000000,800.0000000000,9347.0000000000,R,True
borinets_2001,ОНЛАЙН-репортаж. О развитии событий в Париже  https://t.co/TxPeTcz60T #ParisAttacks https://t.co/Fp4iGBDT9T,Russian Federation,Russian,2015-11-14T15:51:00,2015-11-14T15:51:00,976.0000000000,800.0000000000,9349.0000000000,R,True
borinets_2001,Несколько человек задержаны в Брюсселе в связи с терактами в Париже https://t.co/Fh8KEylN9T,Russian Federation,Russian,2015-11-14T19:13:00,2015-11-14T19:13:00,976.0000000000,800.0000000000,9350.0000000000,R,True
borinets_2001,В. Березуцкий: выход Швеции на Евро будет для фанов большим плюсом из-за Златана https://t.co/0z1aopyDwI,Russian Federation,Russian,2015-11-14T21:32:00,2015-11-14T21:32:00,976.0000000000,800.0000000000,9351.0000000000,R,True
borinets_2001,Еще один подозреваемый террорист мог попасть во Францию через Грецию https://t.co/ypDDI4IJBX,Russian Federation,Russian,2015-11-14T23:58:00,2015-11-14T23:58:00,976.0000000000,800.0000000000,9352.0000000000,R,True
borinets_2001,В Днепропетровске в ночь перед выборами решили заменить главу избиркома  https://t.co/oNOl047WSA,Russian Federation,Russian,2015-11-15T01:13:00,2015-11-15T01:14:00,976.0000000000,800.0000000000,9353.0000000000,R,True
borinets_2001,Участки для голосования во втором туре выборов открылись на Украине https://t.co/gkAYyspYUa https://t.co/dl92LmFCls,Russian Federation,Ukrainian,2015-11-15T06:52:00,2015-11-15T06:52:00,976.0000000000,801.0000000000,9354.0000000000,R,True
borinets_2001,В Донбассе начался обмен пленными  https://t.co/HFS7QV5YDi https://t.co/7JEYxXDhTy,Russian Federation,Russian,2015-11-15T12:38:00,2015-11-15T12:38:00,976.0000000000,801.0000000000,9356.0000000000,R,True
borinets_2001,Источник в Минобороны ДНР: ВСУ обстреливают из танков поселок Жабичево https://t.co/U4WuFuSK80 https://t.co/eQtJUXv0BT,Russian Federation,Russian,2015-11-15T13:11:00,2015-11-15T13:11:00,976.0000000000,801.0000000000,9357.0000000000,R,True
borinets_2001,Во Франции могут продлить режим ЧС  https://t.co/A1mbyyrXAr https://t.co/Pr729enGKJ,Russian Federation,Russian,2015-11-15T17:33:00,2015-11-15T17:34:00,976.0000000000,802.0000000000,9359.0000000000,R,True
borinets_2001,Меркель посетит товарищеский матч Германия -- Нидерланды https://t.co/FN4EWX1uP4,Russian Federation,Russian,2015-11-15T21:17:00,2015-11-15T21:18:00,975.0000000000,801.0000000000,9360.0000000000,R,True
borinets_2001,Более 20 жителей вернулись домой после взрыва газа под Хабаровском  https://t.co/VYPYA2XSVt https://t.co/12N54xcCK3,Russian Federation,Russian,2015-11-16T03:53:00,2015-11-16T03:54:00,975.0000000000,801.0000000000,9361.0000000000,R,True
borinets_2001,Источник Associated Press назвал имена двух парижских террористов-смертников  https://t.co/cxWTEE4BZH https://t.co/Y10jA8jxae,Russian Federation,Russian,2015-11-16T04:32:00,2015-11-16T04:32:00,975.0000000000,801.0000000000,9363.0000000000,R,True
borinets_2001,ЛДПР вновь предлагает отменить «золотые парашюты» для депутатов https://t.co/f9mSHAxhtW https://t.co/BA2cHAaeEK,Russian Federation,Russian,2015-11-16T07:37:00,2015-11-16T07:37:00,975.0000000000,801.0000000000,9366.0000000000,R,True
borinets_2001,"если российских легкоатлетов дисквалифицируют, то у нас в армии появятся метатели гранат на 200 метров",Russian Federation,Russian,2015-11-16T15:12:00,2015-11-16T15:12:00,975.0000000000,801.0000000000,9370.0000000000,R,True
borinets_2001,Обама о возможности проведения наземной операции в Сирии  https://t.co/pz1FouDwZW https://t.co/ABF5g4hrph,Russian Federation,Russian,2015-11-16T17:16:00,2015-11-16T17:17:00,975.0000000000,801.0000000000,9371.0000000000,R,True
borinets_2001,Необычный ракурс японских бандитов в новом фильме Такеши Китано https://t.co/xZKLdU5NyK https://t.co/WFGeJ7pqfW,Russian Federation,Russian,2015-11-16T18:51:00,2015-11-16T18:51:00,975.0000000000,801.0000000000,9374.0000000000,R,True
borinets_2001,В США губернаторы 15 штатов отказались принимать беженцев из Сирии https://t.co/l2ivb0kqC1,Russian Federation,Russian,2015-11-16T23:16:00,2015-11-16T23:16:00,975.0000000000,801.0000000000,9375.0000000000,R,True
borinets_2001,Путин подписал указ о введении плана обороны до 2020 года  https://t.co/mbvhC82SiX https://t.co/Gb7ab7SVWS,Russian Federation,Russian,2015-11-17T07:33:00,2015-11-17T07:33:00,975.0000000000,802.0000000000,9377.0000000000,R,True
borinets_2001,"Путин пригрозил тем, кто помогает террористам https://t.co/F19BYbN5Uv",Russian Federation,Russian,2015-11-17T09:12:00,2015-11-17T09:12:00,975.0000000000,802.0000000000,9378.0000000000,R,True
borinets_2001,Глава МВД Египта объявил об усилении мер безопасности в аэропортах https://t.co/mugc5MfWai https://t.co/IhaLQ8fZsd,Russian Federation,Russian,2015-11-17T15:58:00,2015-11-17T15:58:00,975.0000000000,802.0000000000,9383.0000000000,R,True
borinets_2001,Режиссер Александр Сурин скончался на 75-м году в Москве https://t.co/CtlMsuU8Vg https://t.co/n2pnH2BVko,Russian Federation,Russian,2015-11-17T17:40:00,2015-11-17T17:40:00,975.0000000000,802.0000000000,9384.0000000000,R,True
borinets_2001,Агент Левандовского: мы не вели никаких переговоров с «Реалом» https://t.co/r9smM3Zfu0,Russian Federation,Ukrainian,2015-11-17T17:53:00,2015-11-17T17:53:00,975.0000000000,802.0000000000,9385.0000000000,R,True
borinets_2001,"Игнашевич обогнал Онопко по количеству матчей за сборные России, СНГ и СССР https://t.co/pqUlA6lP3w",Russian Federation,Russian,2015-11-17T18:32:00,2015-11-17T18:33:00,975.0000000000,802.0000000000,9386.0000000000,R,True
borinets_2001,«Зенит» в феврале сыграет на товарищеском турнире в Португалии https://t.co/UcG4j3IymZ,Russian Federation,Russian,2015-11-17T20:53:00,2015-11-17T20:53:00,975.0000000000,801.0000000000,9388.0000000000,R,True
borinets_2001,«Зенит» U-17 выбыл из борьбы за Кубок РФС https://t.co/wRAquxgvHr #спб  #спорт,Russian Federation,Ukrainian,2015-11-17T21:13:00,2015-11-17T21:14:00,975.0000000000,801.0000000000,9389.0000000000,R,True
borinets_2001,Заработал на РЖД: в чем секрет быстрого роста «ТМХ-Сервиса» https://t.co/t9Iy06qFUh,Russian Federation,Russian,2015-11-18T06:51:00,2015-11-18T06:51:00,975.0000000000,801.0000000000,9391.0000000000,R,True
borinets_2001,Лавров: убийство россиян на борту A321 равносильно нападению на страну https://t.co/UNI5XuAq2H #7K9268 https://t.co/0Tg3MAuuPG,Russian Federation,Russian,2015-11-18T10:33:00,2015-11-18T10:34:00,975.0000000000,800.0000000000,9392.0000000000,R,True
borinets_2001,Источник: корабли ВМФ РФ обеспечат боевое прикрытие ВМС Франции https://t.co/mVtfyDYLCa https://t.co/g9T4XdFDp9,Russian Federation,Russian,2015-11-18T11:02:00,2015-11-18T11:02:00,975.0000000000,800.0000000000,9393.0000000000,R,True
borinets_2001,Минтуризма: Египет надеется на пересмотр приостановки полетов с РФ https://t.co/Z3JJOsMdaG https://t.co/LOju89dfLB,Russian Federation,Russian,2015-11-18T12:32:00,2015-11-18T12:32:00,975.0000000000,800.0000000000,9394.0000000000,R,True
borinets_2001,В ФАС завели дело на телеканал «НТВ» из-за высокой громкости рекламы https://t.co/DpqfYVRXeQ https://t.co/dLKlOV2sD1,Russian Federation,Russian,2015-11-18T19:52:00,2015-11-18T19:53:00,975.0000000000,800.0000000000,9397.0000000000,R,True
borinets_2001,"Вышел первый трейлер сиквела фильма ""Иллюзия обмана"" https://t.co/2LFvkXOlXn",Russian Federation,Russian,2015-11-18T19:54:00,2015-11-18T19:56:00,975.0000000000,800.0000000000,9398.0000000000,R,True
borinets_2001,МВД предостерегает СМИ от публикации непроверенных данных https://t.co/Ej81rOW73t https://t.co/Rs2WeEb06l,Russian Federation,Russian,2015-11-18T20:31:00,2015-11-18T20:31:00,975.0000000000,800.0000000000,9400.0000000000,R,True
borinets_2001,Франция требует ужесточения паспортных проверок в Евросоюзе https://t.co/6wCZWgDSCu https://t.co/VD3kWJwNyO,Russian Federation,Russian,2015-11-19T03:31:00,2015-11-19T03:32:00,975.0000000000,800.0000000000,9401.0000000000,R,True
borinets_2001,«Универсальный переводчик» для управления обороной создается в России https://t.co/any6NKPvO5 https://t.co/uwxY62DgSx,Russian Federation,Russian,2015-11-19T11:42:00,2015-11-19T11:42:00,975.0000000000,800.0000000000,9403.0000000000,R,True
borinets_2001,Телеканал RT сообщил о нападении на свой офис в Тель-Авиве https://t.co/gruIbPrXgm,Russian Federation,Russian,2015-11-19T14:12:00,2015-11-19T14:13:00,975.0000000000,800.0000000000,9404.0000000000,R,True
borinets_2001,Главред RT @M_Simonyan прокомментировала нападение на офисное здание в Тель-Авиве  https://t.co/FRjhyEMuuL https://t.co/lb6kJTkndy,Russian Federation,Russian,2015-11-19T14:33:00,2015-11-19T14:33:00,975.0000000000,800.0000000000,9405.0000000000,R,True
borinets_2001,ДНР: силовики возвращают отведенную технику к линии соприкосновения https://t.co/iSKbkMA6Ra https://t.co/bILDLXXw5P,Russian Federation,Russian,2015-11-19T16:13:00,2015-11-19T16:13:00,975.0000000000,800.0000000000,9406.0000000000,R,True
borinets_2001,Белый дом: разногласия с РФ по Украине сохранятся независимо от Сирии https://t.co/BKlcB0l0qU https://t.co/udZffKkew5,Russian Federation,Russian,2015-11-19T18:13:00,2015-11-19T18:13:00,975.0000000000,800.0000000000,9408.0000000000,R,True
borinets_2001,New York Times: просчеты США позволили ИГ окрепнуть https://t.co/CagAwNh4pc https://t.co/ujjBOHBGyX,Russian Federation,Russian,2015-11-19T20:33:00,2015-11-19T20:33:00,975.0000000000,800.0000000000,9409.0000000000,R,True
borinets_2001,"Уничтожить террористов, где-бы они не находились... © https://t.co/7iiRHwRnZ8",Russian Federation,Ukrainian,2015-11-20T03:56:00,2015-11-20T03:57:00,975.0000000000,800.0000000000,9413.0000000000,R,True
borinets_2001,"""Безопасности много не бывает""  https://t.co/KmwqpaI84B https://t.co/ubsdrWRBlc",Russian Federation,Russian,2015-11-20T07:52:00,2015-11-20T07:52:00,975.0000000000,800.0000000000,9414.0000000000,R,True
borinets_2001,Концерт Ансамбля Александрова в Варшаве прошел без эксцессов https://t.co/CvhHLiR3zD,Russian Federation,Russian,2015-11-20T08:16:00,2015-11-20T08:16:00,975.0000000000,800.0000000000,9415.0000000000,R,True
borinets_2001,Опубликовано видео с места захвата заложников в Мали  https://t.co/1GVLWwmQtF https://t.co/FaCjkHSXVD,Russian Federation,Macedonian,2015-11-20T11:14:00,2015-11-20T11:14:00,975.0000000000,800.0000000000,9417.0000000000,R,True
borinets_2001,Роскомнадзор официально уведомит «Википедию» о нарушениях в статьях https://t.co/0CVUGrDOXf https://t.co/pmIClP04t6,Russian Federation,Russian,2015-11-20T13:37:00,2015-11-20T13:37:00,975.0000000000,800.0000000000,9418.0000000000,R,True
borinets_2001,Главы Боливии и Венесуэлы просят о встрече с Путиным в Иране https://t.co/7S68xPZMS3,Russian Federation,Russian,2015-11-20T14:16:00,2015-11-20T14:16:00,975.0000000000,800.0000000000,9419.0000000000,R,True
borinets_2001,"в театре, если на стене висит ружье, оно должно выстрелить. в армии, если на стене висит что-то, не трожь нахрен!",Russian Federation,Russian,2015-11-20T15:55:00,2015-11-20T15:55:00,974.0000000000,800.0000000000,9421.0000000000,R,True
borinets_2001,Тегеран-2015: зачем Путин едет в Иран https://t.co/TMzxh1UvIZ https://t.co/Zbcx5vK9he,Russian Federation,Russian,2015-11-20T16:52:00,2015-11-20T17:02:00,974.0000000000,800.0000000000,9422.0000000000,R,True
borinets_2001,"Минюст получил обращение Памфиловой в связи с проверкой ""Мемориала"" https://t.co/QMmDtZAO6v",Russian Federation,Russian,2015-11-20T19:14:00,2015-11-20T19:14:00,974.0000000000,800.0000000000,9423.0000000000,R,True
borinets_2001,Двадцать человек похищены в провинции Забуль на юге Афганистана https://t.co/VNBPAljkTL © AP Photo/ Shah Marai https://t.co/qaZDQeIhHm,Russian Federation,Russian,2015-11-21T08:56:00,2015-11-21T08:56:00,974.0000000000,801.0000000000,9426.0000000000,R,True
borinets_2001,Букмекеры оценивают победу «Зенита» над «Уралом» коэффициентом 1.45 https://t.co/dHr0Wrg5CN,Russian Federation,Russian,2015-11-21T12:13:00,2015-11-21T12:14:00,974.0000000000,801.0000000000,9427.0000000000,R,True
borinets_2001,1-0 в матче Зенит-Урал после первого тайма. В составе петербуржцев со штрафного отличился Гарай #ЗенитУрал,Russian Federation,Russian,2015-11-21T14:53:00,2015-11-21T14:53:00,974.0000000000,801.0000000000,9428.0000000000,R,True
borinets_2001,«Зенит» разгромил «Урал» и сократил отставание от ЦСКА до семи очков https://t.co/t6JYcc2ozp,Russian Federation,Bulgarian,2015-11-21T16:33:00,2015-11-21T16:33:00,974.0000000000,801.0000000000,9429.0000000000,R,True
borinets_2001,Кадыров: 484 чеченца находились на Ближнем Востоке в рядах ИГ  https://t.co/nYzLReHUAd,Russian Federation,Russian,2015-11-21T20:23:00,2015-11-21T20:23:00,973.0000000000,802.0000000000,9431.0000000000,R,True
borinets_2001,Цукерберг уйдет в двухмесячный отпуск по уходу за ребенком https://t.co/YCKCBdK8Rs,Russian Federation,Russian,2015-11-21T21:34:00,2015-11-21T21:35:00,973.0000000000,802.0000000000,9432.0000000000,R,True
borinets_2001,Самолет Turkish Airlines совершил экстренную посадку из-за угрозы взрыва https://t.co/0c7Vb7hhIf,Russian Federation,Ukrainian,2015-11-22T06:34:00,2015-11-22T06:34:00,973.0000000000,802.0000000000,9435.0000000000,R,True
borinets_2001,"Когда приехал бороться с российской военщиной, но сжалось очко... https://t.co/1xLFReag7X",Russian Federation,Russian,2015-11-22T08:54:00,2015-11-22T08:54:00,973.0000000000,802.0000000000,9436.0000000000,R,True
borinets_2001,"Медведев рассказал, как следует бороться с терроризмом  https://t.co/pyF7mELfip https://t.co/Yp24xpOHAH",Russian Federation,Russian,2015-11-22T08:55:00,2015-11-22T08:55:00,973.0000000000,802.0000000000,9437.0000000000,R,True
borinets_2001,Число ликвидированных в Кабардино-Балкарии боевиков возросло до восьми https://t.co/Ad0PTbc8kZ © Фото: МВД по КБР https://t.co/MAz3hOKzPD,Russian Federation,Ukrainian,2015-11-22T09:23:00,2015-11-22T09:23:00,973.0000000000,802.0000000000,9439.0000000000,R,True
borinets_2001,В Забайкалье перевернулся автобус с 25 пассажирами https://t.co/KtUBTAmVYP,Russian Federation,Russian,2015-11-22T10:13:00,2015-11-22T10:14:00,973.0000000000,802.0000000000,9440.0000000000,R,True
borinets_2001,Премьер Киргизии требует выяснить причины аварийной посадки Boeing 737 https://t.co/LAJMSlvghU https://t.co/GJlqkOvSHe,Russian Federation,Russian,2015-11-22T13:53:00,2015-11-22T13:53:00,973.0000000000,802.0000000000,9443.0000000000,R,True
borinets_2001,СМИ: полиция проводит в Брюсселе спецоперацию из-за угрозы теракта https://t.co/CzyUANzYgR https://t.co/Z0p3dAF9aK,Russian Federation,Russian,2015-11-22T20:14:00,2015-11-22T20:14:00,973.0000000000,802.0000000000,9447.0000000000,R,True
borinets_2001,Опрос: среди россиян растет уверенность в территориальной принадлежности Крыма https://t.co/O1sb4WsK8P,Russian Federation,Russian,2015-11-23T06:37:00,2015-11-23T06:37:00,973.0000000000,801.0000000000,9450.0000000000,R,True
borinets_2001,Активисты Союза добровольцев РФ отвезли в Сирию собранную гумпомощь https://t.co/RewOIDFK6i https://t.co/XMBLUqEryP,Russian Federation,Russian,2015-11-23T07:15:00,2015-11-23T07:15:00,973.0000000000,801.0000000000,9451.0000000000,R,True
borinets_2001,"Энергетики попытаются договориться о ремонте ЛЭП, ведущих в Крым https://t.co/se5UkWVZO6 https://t.co/lmXx6weHe5",Russian Federation,Russian,2015-11-23T10:53:00,2015-11-23T10:53:00,973.0000000000,801.0000000000,9453.0000000000,R,True
borinets_2001,Торгпред: Украина готовит второй иск против РФ в рамках ВТО https://t.co/qnyp4A3YrO https://t.co/5RMtBSufuj,Russian Federation,Russian,2015-11-23T12:14:00,2015-11-23T12:14:00,973.0000000000,801.0000000000,9454.0000000000,R,True
borinets_2001,"военные Великобритании ищут российскую подлодку у берегов Шотландии. пусть в озеро Лох-Несс заглянут, может туда закатилась",Russian Federation,Russian,2015-11-23T13:25:00,2015-11-23T13:25:00,973.0000000000,801.0000000000,9456.0000000000,R,True
borinets_2001,В Москве запретили деятельность Саентологической церкви  https://t.co/JuJ7QQFPb5 https://t.co/pKiwml2Noi,Russian Federation,Russian,2015-11-23T15:40:00,2015-11-23T15:40:00,973.0000000000,801.0000000000,9457.0000000000,R,True
borinets_2001,"Фернандес: ЦСКА мог набрать больше очков в ЛЧ, но главное — мы всё ещё в игре https://t.co/o9YmP11oxz",Russian Federation,Russian,2015-11-23T16:12:00,2015-11-23T16:12:00,973.0000000000,801.0000000000,9458.0000000000,R,True
borinets_2001,Дипломаты России и Кореи обсудили ситуацию в Сирии и сотрудничество по борьбе с терроризмом  https://t.co/dk1fKCQaj7,Russian Federation,Russian,2015-11-23T16:13:00,2015-11-23T16:19:00,973.0000000000,801.0000000000,9459.0000000000,R,True
borinets_2001,Керри заявил о желании США ускорить борьбу с ИГ https://t.co/gdW7PM4KoJ,Russian Federation,Russian,2015-11-23T16:36:00,2015-11-23T16:36:00,973.0000000000,801.0000000000,9460.0000000000,R,True
borinets_2001,"в Южной Корее выявлены десять человек, связанных с ИГ  https://t.co/u2cXe2Hv4A https://t.co/T14VaEAU4q",Russian Federation,Russian,2015-11-24T05:14:00,2015-11-24T05:15:00,972.0000000000,797.0000000000,9462.0000000000,R,True
borinets_2001,Минобороны РФ сообщило подробности о крушении Су-24 в Сирии https://t.co/wG0rk0xei5,Russian Federation,Russian,2015-11-24T09:32:00,2015-11-24T09:33:00,972.0000000000,797.0000000000,9463.0000000000,R,True
borinets_2001,https://t.co/yuJl5eDWij https://t.co/cTm5in8GQu,Russian Federation,Russian,2015-11-24T11:12:00,2015-11-24T11:13:00,972.0000000000,797.0000000000,9465.0000000000,R,True
borinets_2001,Песков прокомментировал крушение российского Су-24 в Сирии  https://t.co/EuwSVinsPY https://t.co/SsKgsM0pKj,Russian Federation,Russian,2015-11-24T11:15:00,2015-11-24T11:16:00,972.0000000000,797.0000000000,9466.0000000000,R,True
borinets_2001,Шойгу и президент Египта обсудили сотрудничество в борьбе с терроризмом https://t.co/9O8LiGE1Gm https://t.co/I6W5ZtxxWe,Russian Federation,Russian,2015-11-24T11:51:00,2015-11-24T11:52:00,972.0000000000,797.0000000000,9467.0000000000,R,True
borinets_2001,Минобороны: анализ данных подтвердил отсутствие нарушения воздушного пространства Турции https://t.co/tXpUH2yfSS,Russian Federation,Russian,2015-11-24T14:16:00,2015-11-24T14:17:00,972.0000000000,797.0000000000,9468.0000000000,R,True
borinets_2001,"Симутенков: доволен, что «молодёжка» «Зенита» на равных играла с «Валенсией» https://t.co/klqn20kAqQ",Russian Federation,Russian,2015-11-24T14:52:00,2015-11-24T14:52:00,972.0000000000,797.0000000000,9469.0000000000,R,True
borinets_2001,туск https://t.co/SvU38j97FZ,Russian Federation,Russian,2015-11-24T14:53:00,2015-11-24T14:54:00,972.0000000000,797.0000000000,9470.0000000000,R,True
borinets_2001,ТВ: автобус с бойцами гвардии взорвался в центре столицы Туниса https://t.co/YAyZPI7bUb https://t.co/osg3O4eezY,Russian Federation,Russian,2015-11-24T16:59:00,2015-11-24T16:59:00,972.0000000000,798.0000000000,9473.0000000000,R,True
borinets_2001,Опубликовано видео ударов самолетами дальней авиации по объектам ИГИЛ в Сирии  #RubThemOutInTheOuthouse,Russian Federation,Russian,2015-11-24T18:43:00,2015-11-24T18:43:00,972.0000000000,797.0000000000,9481.0000000000,,False
borinets_2001,Инцидент с российским Су-24: турецкая провокация и ее последствия https://t.co/1Nbpqcw1UV #СУ24 #УдарВСпину https://t.co/A6l7QjxHNm,Russian Federation,Russian,2015-11-24T20:53:00,2015-11-24T20:54:00,972.0000000000,797.0000000000,9509.0000000000,R,True
borinets_2001,Обама поручил усилить борьбу с ИГ и препятствовать расширению террора  https://t.co/jKi1WZrO3O https://t.co/EkujbbrXYY,Russian Federation,Russian,2015-11-25T02:51:00,2015-11-25T02:52:00,972.0000000000,797.0000000000,9510.0000000000,R,True
borinets_2001,Около 90 тысяч туристов вернулись в Россию из Египта https://t.co/3cL1NHujyD https://t.co/kCAdgZgar1,Russian Federation,Russian,2015-11-25T07:11:00,2015-11-25T07:11:00,972.0000000000,797.0000000000,9511.0000000000,R,True
borinets_2001,Швеция приняла решение по вопросу беженцев  https://t.co/LBEbx4n8Tl https://t.co/nciZYs7Ff1,Russian Federation,Russian,2015-11-25T07:37:00,2015-11-25T07:37:00,972.0000000000,797.0000000000,9512.0000000000,R,True
borinets_2001,Газпром: поставки газа на Украину прекращаются до получения предоплаты https://t.co/qguq4pA3ay https://t.co/rCToRVToyE,Russian Federation,Russian,2015-11-25T08:11:00,2015-11-25T08:11:00,972.0000000000,797.0000000000,9513.0000000000,R,True
borinets_2001,Европейский суд по правам человека принял 800 исковых заявлений пострадавших граждан ДЛНР от киевской хунты  https://t.co/WLT7roKEgm,Russian Federation,Russian,2015-11-25T12:37:00,2015-11-25T12:38:00,972.0000000000,799.0000000000,9515.0000000000,R,True
borinets_2001,"Вице-канцлер ФРГ: в сирийском конфликте непредсказуема Турция, а не РФ https://t.co/tPuDsykQ3M #StandwithRussia https://t.co/aqc7wFI3F6",Russian Federation,Ukrainian,2015-11-25T17:55:00,2015-11-25T17:55:00,973.0000000000,800.0000000000,9517.0000000000,R,True
borinets_2001,Штурман сбитого Cу-24 пообещал «вернуть должок» убийцам командира https://t.co/1gOFHJHvoa #StandwithRussia https://t.co/wFIRrjHzr0,Russian Federation,Russian,2015-11-25T18:35:00,2015-11-25T18:36:00,973.0000000000,800.0000000000,9518.0000000000,R,True
borinets_2001,"Прекрасно зная, что не примут. Популист. https://t.co/b0II6PwPo0",Russian Federation,Ukrainian,2015-11-25T18:40:00,2015-11-25T18:41:00,973.0000000000,800.0000000000,9519.0000000000,R,True
borinets_2001,ВИДЕО. Путин на открытии Ельцин Центра  https://t.co/k3RN7xyA5r https://t.co/QyVqmM6pDk,Russian Federation,Russian,2015-11-25T18:56:00,2015-11-25T18:56:00,973.0000000000,800.0000000000,9520.0000000000,R,True
borinets_2001,Меркель призвала оказать помощь Франции в борьбе с ИГ https://t.co/NHhvlREbWj,Russian Federation,Russian,2015-11-25T20:41:00,2015-11-25T20:41:00,973.0000000000,800.0000000000,9521.0000000000,R,True
borinets_2001,Оппозиционный политик убит в Венесуэле за полторы недели до выборов  https://t.co/E4eka7Np0n https://t.co/A4kcp7O7VH,Russian Federation,Russian,2015-11-26T04:14:00,2015-11-26T04:15:00,973.0000000000,800.0000000000,9526.0000000000,R,True
borinets_2001,Обама взволнован опубликованным видео с убийством афроамериканца  https://t.co/zegemXEBjm https://t.co/cbQzVO46cN,Russian Federation,Russian,2015-11-26T04:31:00,2015-11-26T04:31:00,973.0000000000,800.0000000000,9527.0000000000,R,True
borinets_2001,Медведев пообещал бессрочно ввести санкции против Турции https://t.co/zPc0201sCM,Russian Federation,Russian,2015-11-26T13:58:00,2015-11-26T13:58:00,973.0000000000,800.0000000000,9530.0000000000,R,True
borinets_2001,Вот только дебилов из ГД лучше к этому делу не подпускать  https://t.co/J9LZjXJu4P,Russian Federation,Russian,2015-11-26T16:13:00,2015-11-26T16:14:00,973.0000000000,800.0000000000,9531.0000000000,R,True
borinets_2001,«Телефонный террорист» задержан в Москве в неадекватном состоянии https://t.co/RVUkQGjNY2 https://t.co/yBz4d9QD6m,Russian Federation,Russian,2015-11-26T16:34:00,2015-11-26T16:34:00,973.0000000000,800.0000000000,9533.0000000000,R,True
borinets_2001,Немецкий аналитик: решение Эрдогана сбить Су-24 было сознательным https://t.co/sHHk44qHTC #СУ24 #StandwithRussia https://t.co/nZXTbonByH,Russian Federation,Russian,2015-11-26T17:51:00,2015-11-26T17:51:00,973.0000000000,800.0000000000,9534.0000000000,R,True
borinets_2001,Стал известен стартовый состав «Локомотива» на матч со «Спортингом» https://t.co/cXiH5kKTY2,Russian Federation,Russian,2015-11-26T17:57:00,2015-11-26T17:57:00,973.0000000000,800.0000000000,9535.0000000000,R,True
borinets_2001,Минобороны назвало вбросом сообщения об ударе по гуманитарной колонне https://t.co/WpbfP66NjU,Russian Federation,Russian,2015-11-26T19:16:00,2015-11-26T19:16:00,973.0000000000,800.0000000000,9537.0000000000,R,True
borinets_2001,Росрыболовство: рыбная отрасль России сможет заменить турецкий импорт https://t.co/1wfwwdRqgY https://t.co/m2CSzJX9Ds,Russian Federation,Russian,2015-11-27T01:12:00,2015-11-27T01:12:00,973.0000000000,800.0000000000,9538.0000000000,R,True
borinets_2001,"Торговца оружием, который продал террористам из Парижа автоматы, арестовали в ФРГ https://t.co/YhUxUb4MKx",Russian Federation,Russian,2015-11-27T02:52:00,2015-11-27T02:55:00,973.0000000000,800.0000000000,9539.0000000000,R,True
borinets_2001,Цены на бензин в Японии в октябре упали почти на 20% из-за удешевления нефти https://t.co/USovHlc3n7,Russian Federation,Russian,2015-11-27T04:39:00,2015-11-27T04:39:00,973.0000000000,800.0000000000,9540.0000000000,R,True
borinets_2001,"возглас д'Артаньяна ""Тысяча чертей!"" очень подходит для описания турецкой армии",Russian Federation,Russian,2015-11-27T14:19:00,2015-11-27T14:20:00,973.0000000000,797.0000000000,9548.0000000000,R,True
borinets_2001,Покупатели обвинили участников «черной пятницы» в фиктивных скидках https://t.co/vIR1vcQcQh,Russian Federation,Russian,2015-11-27T15:44:00,2015-11-27T15:45:00,973.0000000000,797.0000000000,9549.0000000000,R,True
borinets_2001,Комитет Международной федерации баскетбола снял дисквалификацию с российских спортсменов https://t.co/Yqt0Q0xqBN https://t.co/dQnlfLMGpY,Russian Federation,Russian,2015-11-27T17:53:00,2015-11-27T17:53:00,973.0000000000,797.0000000000,9550.0000000000,R,True
borinets_2001,"Метал-группа ""Ария"" отметит 30-летие концертами в Москве https://t.co/ceLYUdhQeM https://t.co/a6ozG9EWOa",Russian Federation,Russian,2015-11-27T23:23:00,2015-11-27T23:23:00,973.0000000000,797.0000000000,9551.0000000000,R,True
borinets_2001,"Землетрясение магнитудой 5,7 произошло в районе южных Курил  https://t.co/WgV8HapLZk https://t.co/cvQ4XkeaPC",Russian Federation,Russian,2015-11-28T05:43:00,2015-11-28T05:43:00,973.0000000000,797.0000000000,9554.0000000000,R,True
borinets_2001,1. Рубильник для слабаков  2. Рубильники придумали трусы  3. Хохлы не ищут легких путей  4. А що так можно було? https://t.co/JplNI1rf6X,Russian Federation,Ukrainian,2015-11-28T08:33:00,2015-11-28T08:33:00,973.0000000000,797.0000000000,9556.0000000000,R,True
borinets_2001,"Во Львове сварили пиво «Ночной Крым», издеваясь над блэкаутом (ФОТО) https://t.co/cQTWsADZpg",Russian Federation,Russian,2015-11-28T10:52:00,2015-11-28T10:53:00,973.0000000000,797.0000000000,9556.0000000000,R,True
borinets_2001,"Эрдоган: Мы не можем закрыть обе страны, мы связаны слишком тесно   https://t.co/tE3591b8RT https://t.co/Yfls6g2zw4",Russian Federation,Uzbek,2015-11-28T12:18:00,2015-11-28T12:31:00,973.0000000000,797.0000000000,9557.0000000000,R,True
borinets_2001,Тело пилота Су-24 доставлено в Турцию для передачи в Россию https://t.co/LccQdwx5s8,Russian Federation,Ukrainian,2015-11-29T09:32:00,2015-11-29T09:32:00,973.0000000000,797.0000000000,9561.0000000000,R,True
borinets_2001,ГИБДД запустила в Крыму акцию «Скорость»  27 ноября в Крыму стартовали профилактические меро https://t.co/gPxFGp1FDy https://t.co/fRp7mNUYm3,Russian Federation,Russian,2015-11-29T13:11:00,2015-11-29T13:11:00,973.0000000000,797.0000000000,9562.0000000000,R,True
borinets_2001,"Киев пытается воспользоваться конфликтом между РФ и Турцией  В тот момент, когда внимание Мо https://t.co/dNXiyri0ew https://t.co/Ql5T6Rnte1",Russian Federation,Russian,2015-11-29T14:20:00,2015-11-29T14:20:00,973.0000000000,797.0000000000,9563.0000000000,R,True
borinets_2001,Депутат предложил создать ассоциацию дальнобойщиков в России https://t.co/M0QPjVcmqB https://t.co/3RQgiAxF7M,Russian Federation,Russian,2015-11-29T15:51:00,2015-11-29T15:51:00,973.0000000000,797.0000000000,9565.0000000000,R,True
borinets_2001,"Владимир Путин встретится с главами Кореи, Перу и Израиля на саммите ООН в Париже  https://t.co/qRtUUwK0bq https://t.co/WVIx1rS5ii",Russian Federation,Russian,2015-11-29T22:32:00,2015-11-29T22:38:00,973.0000000000,797.0000000000,9566.0000000000,R,True
borinets_2001,На 89-м году жизни ушёл из жизни Эльдар Рязанов  https://t.co/wSTKVvUMyW  Пухом земля и спасибо за фильмы(((,Russian Federation,Russian,2015-11-29T23:40:00,2015-11-29T23:46:00,973.0000000000,796.0000000000,9567.0000000000,R,True
borinets_2001,Как сильно российские санкции повредят Турции  https://t.co/vVdyJrh90L https://t.co/5LtzTgkt39,Russian Federation,Russian,2015-11-30T16:53:00,2015-11-30T16:54:00,973.0000000000,795.0000000000,9574.0000000000,R,True
borinets_2001,Россияне утратили веру в способноть властей защитить их от терактов https://t.co/puLYiJwdCR,Russian Federation,Russian,2015-12-01T09:35:00,2015-12-01T09:35:00,972.0000000000,794.0000000000,9577.0000000000,R,True
borinets_2001,Институт искусствознания открыл сайт со сводом памятников России В базе данных проекта размещена информация о …  https://t.co/idZkfytM71,Russian Federation,Russian,2015-12-01T14:15:00,2015-12-01T14:15:00,972.0000000000,794.0000000000,9579.0000000000,R,True
borinets_2001,На Чукотке неизвестные расстреляли моржей для добычи бакулюма https://t.co/jGAy8Ne9uC,Russian Federation,Russian,2015-12-02T03:15:00,2015-12-02T03:15:00,972.0000000000,795.0000000000,9581.0000000000,R,True
borinets_2001,Британский парламент решит вопрос участия страны в операции в Сирии https://t.co/w2G9Q1XOPf https://t.co/y3uLg2u8SU,Russian Federation,Russian,2015-12-02T06:12:00,2015-12-02T06:13:00,972.0000000000,795.0000000000,9583.0000000000,R,True
borinets_2001,Киевские военные сообщили о бое в районе Авдеевки  https://t.co/vZMh1YfmR2 https://t.co/fI91dIeFtb,Russian Federation,Russian,2015-12-02T06:42:00,2015-12-02T06:42:00,972.0000000000,795.0000000000,9584.0000000000,R,True
borinets_2001,"'@salty_1970 Аппетита нет, жратвы-то море..'",Russian Federation,Russian,2015-12-02T13:16:00,2015-12-02T13:16:00,972.0000000000,795.0000000000,9586.0000000000,R,True
borinets_2001,"ЦСКА вылетел в Пермь без В. Березуцкого, но с Игнашевичем https://t.co/6A7fR1HIwR",Russian Federation,Ukrainian,2015-12-02T16:33:00,2015-12-02T16:33:00,971.0000000000,794.0000000000,9587.0000000000,R,True
borinets_2001,American Express расширит работу в России https://t.co/mKIWMdlZlA,Russian Federation,Russian,2015-12-03T07:53:00,2015-12-03T07:53:00,972.0000000000,796.0000000000,9589.0000000000,R,True
borinets_2001,СРОЧНО. Чайка отреагировал на расследование Навального  https://t.co/bMzAEEGPnG https://t.co/ymnOT5PSGl,Russian Federation,Russian,2015-12-03T08:37:00,2015-12-03T08:37:00,972.0000000000,796.0000000000,9590.0000000000,R,True
borinets_2001,"Лондон и Вашингтон застенчиво отмазывают Турцию. Денежки, по ходу, через их юрисдикцию проскакивали, ок",Russian Federation,Russian,2015-12-03T13:43:00,2015-12-03T13:44:00,972.0000000000,797.0000000000,9589.0000000000,R,True
borinets_2001,"#Путин ни разу не вспомнил США, ЕС и Украину. А чаще всего говорил слово #Россия: https://t.co/dVd5SewPIR",Russian Federation,Russian,2015-12-03T16:12:00,2015-12-03T16:12:00,971.0000000000,796.0000000000,9592.0000000000,R,True
borinets_2001,"ВИДЕО. Телеканал RT представил, какими будут Обама и Керри через 20 лет https://t.co/0M9OcYfucb #РИА_видеоклуб https://t.co/oGSCM5ClBf",Russian Federation,Russian,2015-12-03T17:31:00,2015-12-03T17:33:00,971.0000000000,796.0000000000,9594.0000000000,R,True
borinets_2001,Глава ополчения в Афганистане просит помощи у России в борьбе с ИГ https://t.co/z7fVo00DYj https://t.co/vvjB0ORrUv,Russian Federation,Russian,2015-12-04T10:19:00,2015-12-04T10:19:00,971.0000000000,799.0000000000,9595.0000000000,R,True
borinets_2001,"Комиссия определит судьбу дезертира, 11 лет прятавшегося на Камчатке https://t.co/TNw0eI8NkT https://t.co/mGaPIzTEdp",Russian Federation,Russian,2015-12-04T10:22:00,2015-12-04T10:23:00,971.0000000000,799.0000000000,9596.0000000000,R,True
borinets_2001,Керри: возможно сотрудничество между правительством и оппозицией Сирии до отставки Асада https://t.co/kXdclTvTmS,Russian Federation,Russian,2015-12-04T15:12:00,2015-12-04T15:12:00,970.0000000000,798.0000000000,9597.0000000000,R,True
borinets_2001,"Голосуем, господа! https://t.co/UBradNcJvO",Russian Federation,Ukrainian,2015-12-04T18:17:00,2015-12-04T18:17:00,971.0000000000,800.0000000000,9599.0000000000,R,True
borinets_2001,Нападение на отель в Мали было совместной акцией нескольких групп   https://t.co/q1Ddn0zmGb © AP Photo https://t.co/2mjgdb2XsV,Russian Federation,Russian,2015-12-04T21:51:00,2015-12-04T21:51:00,971.0000000000,800.0000000000,9601.0000000000,R,True
borinets_2001,Украинские танки обстреляли прифронтовую зону на севере Горловки  Боевики Киева обстреляли п https://t.co/ZOoakcgrU7 https://t.co/JCkT6snSXZ,Russian Federation,Russian,2015-12-05T04:13:00,2015-12-05T04:13:00,971.0000000000,800.0000000000,9602.0000000000,R,True
borinets_2001,#Германия не станет создавать коалицию с Россией для совместной борьбы с террористами https://t.co/6hjp2Iv02F,Russian Federation,Russian,2015-12-05T12:42:00,2015-12-05T12:42:00,971.0000000000,800.0000000000,9605.0000000000,R,True
borinets_2001,Михаил Саакашвили вслед за гражданством лишился лидерства в партии  https://t.co/IAhFQyBfdC https://t.co/eay496tORS,Russian Federation,Russian,2015-12-05T19:12:00,2015-12-05T19:14:00,971.0000000000,801.0000000000,9606.0000000000,R,True
borinets_2001,Борт №1 на случай ядерной войны  https://t.co/Il25dQNguB https://t.co/g8XcIGvnNO,Russian Federation,Russian,2015-12-06T07:42:00,2015-12-06T07:42:00,971.0000000000,801.0000000000,9609.0000000000,R,True
borinets_2001,Глава МИД: турецких военных в Ирак пригласило Минобороны страны https://t.co/kApa9HhnUo https://t.co/U3oRTBIJ1M,Russian Federation,Russian,2015-12-06T16:33:00,2015-12-06T16:33:00,971.0000000000,801.0000000000,9611.0000000000,R,True
borinets_2001,#Юмор@rus_improvisation https://t.co/Y1ANqVoFk2,Russian Federation,Russian,2015-12-06T19:44:00,2015-12-06T19:44:00,971.0000000000,801.0000000000,9613.0000000000,R,True
borinets_2001,Стамбул превращается в центр подготовки террористов.  Репортаж: https://t.co/9o7r05d6IH https://t.co/Mkpk0qloBz,Russian Federation,Russian,2015-12-06T20:12:00,2015-12-06T20:13:00,971.0000000000,801.0000000000,9615.0000000000,R,True
borinets_2001,Взрыв на «Северной верфи» произошел во время сварочных работ https://t.co/o4ULfreivt,Russian Federation,Russian,2015-12-07T12:34:00,2015-12-07T12:35:00,971.0000000000,801.0000000000,9617.0000000000,R,True
borinets_2001,"И снова здравствуйте. Доктор сказал буду жить. Долго, счастливо и богато.",Russian Federation,Russian,2015-12-07T18:57:00,2015-12-07T18:58:00,971.0000000000,801.0000000000,9620.0000000000,R,True
borinets_2001,"Стало известно, в чем обвиняется Ходорковский  https://t.co/uWoBawQlOc https://t.co/Dd1G4LuKT5",Russian Federation,Russian,2015-12-08T07:13:00,2015-12-08T07:14:00,971.0000000000,801.0000000000,9622.0000000000,R,True
borinets_2001,В Москве напали на вдовца Фриске https://t.co/J8rWxSmq8L,Russian Federation,Serbian,2015-12-08T11:38:00,2015-12-08T11:38:00,971.0000000000,801.0000000000,9623.0000000000,R,True
borinets_2001,"Д. Билялетдинов: непросто работать в условиях, когда тебе что-то недоговаривают https://t.co/JhOTj9I1Kw",Russian Federation,Russian,2015-12-09T09:37:00,2015-12-09T09:37:00,971.0000000000,801.0000000000,9626.0000000000,R,True
borinets_2001,ТЦ и кафе на Тверской снесут https://t.co/sjqrgv9tjF,Russian Federation,Russian,2015-12-09T10:13:00,2015-12-09T10:14:00,971.0000000000,801.0000000000,9627.0000000000,R,True
borinets_2001,Совет Федерации одобрил федеральный бюджет на 2016 год  https://t.co/HMMhFs8EGR https://t.co/prALViALmD,Russian Federation,Russian,2015-12-09T11:00:00,2015-12-09T11:00:00,971.0000000000,801.0000000000,9629.0000000000,R,True
borinets_2001,Греф предсказал деградацию экономики в 2016 году https://t.co/rcII172aeh,Russian Federation,Russian,2015-12-09T11:54:00,2015-12-09T11:54:00,971.0000000000,801.0000000000,9630.0000000000,R,True
borinets_2001,Протесты из-за убийства подростка полицейским возобновились в Чикаго https://t.co/vfKxxcfQZv https://t.co/7GVwd7K15l,Russian Federation,Russian,2015-12-09T21:53:00,2015-12-09T21:53:00,971.0000000000,801.0000000000,9632.0000000000,R,True
borinets_2001,Пассажир московского метро остановил поезд из-за галлюцинации: https://t.co/B6v7OsWw6y https://t.co/0phlj3mD1l,Russian Federation,Russian,2015-12-10T17:52:00,2015-12-10T17:52:00,972.0000000000,802.0000000000,9636.0000000000,R,True
borinets_2001,«Скендербеу» – «Локомотив»: онлайн-трансляция матча начнётся 10 декабря в 23:05 https://t.co/Aev2IISaz7,Russian Federation,Macedonian,2015-12-10T17:57:00,2015-12-10T17:57:00,972.0000000000,802.0000000000,9637.0000000000,R,True
borinets_2001,Бартомеу: «Барса» в состоянии отклонять предложения из АПЛ по Месси и Неймару https://t.co/i0vgDKda6u,Russian Federation,Russian,2015-12-11T11:57:00,2015-12-11T11:57:00,972.0000000000,802.0000000000,9642.0000000000,R,True
borinets_2001,"Асад заявил, что Путин не просил ничего за операцию ВКС в Сирии  https://t.co/NgC0pwlAul https://t.co/BG5td1kW3y",Russian Federation,Ukrainian,2015-12-11T14:03:00,2015-12-11T14:03:00,972.0000000000,802.0000000000,9643.0000000000,R,True
borinets_2001,В России проходят испытания сверхскоростного беспилотника https://t.co/lOgklJgM1P #россия,Russian Federation,Russian,2015-12-12T14:51:00,2015-12-12T14:51:00,972.0000000000,803.0000000000,9646.0000000000,R,True
borinets_2001,Лавров: Россия поддерживает суверенитет и целостность Ирака https://t.co/XUfWE1xUlq © AP Photo/ Dmitry Lovetsky https://t.co/Yh1WxTghny,Russian Federation,Russian,2015-12-12T17:51:00,2015-12-12T17:51:00,972.0000000000,804.0000000000,9649.0000000000,R,True
borinets_2001,"Вторая ветка энергомоста в Крым будет запущена 15 декабря, — Аксенов  Вторая ветка энергомос https://t.co/fxWxRDLzOr https://t.co/XPbJbA46nS",Russian Federation,Russian,2015-12-12T23:03:00,2015-12-12T23:03:00,972.0000000000,804.0000000000,9650.0000000000,R,True
borinets_2001,"В Москве на Рублевском шоссе сгорели девять автомобилей, припаркованных на стоянке https://t.co/JoT9PmKVbZ #Москва #авто",Russian Federation,Russian,2015-12-13T04:56:00,2015-12-13T04:56:00,972.0000000000,804.0000000000,9651.0000000000,R,True
borinets_2001,"Гняньте, блогеры, как хохла @kamerovich накормили гамном ))) https://t.co/YVBs6QJZWb",Russian Federation,Serbian,2015-12-13T06:11:00,2015-12-13T06:11:00,972.0000000000,804.0000000000,9654.0000000000,R,True
borinets_2001,Антитурецкие санкции грозят пустыми прилавками https://t.co/BGyV6r7hmy https://t.co/XnnQSLIvJj,Russian Federation,Russian,2015-12-13T12:35:00,2015-12-13T12:35:00,972.0000000000,804.0000000000,9657.0000000000,R,True
borinets_2001,"Австрия с гордостью демонстрирует 15 тонн золота, возращенные на родину из Лондона   https://t.co/ym9qgq3abD https://t.co/2GGMRnmYGV",Russian Federation,Russian,2015-12-13T16:54:00,2015-12-13T16:54:00,972.0000000000,805.0000000000,9659.0000000000,R,True
borinets_2001,Узнайте секреты зеленого чая https://t.co/uf1KG7DHEV,Russian Federation,Ukrainian,2015-12-13T17:00:00,2015-12-13T17:01:00,972.0000000000,805.0000000000,9660.0000000000,R,True
borinets_2001,СБ ООН не принял подготовленный РФ проект заявления по теракту в Хомсе https://t.co/6INsbnpx4z https://t.co/3Idl3O8Srx,Russian Federation,Russian,2015-12-13T21:11:00,2015-12-13T21:11:00,972.0000000000,805.0000000000,9661.0000000000,R,True
borinets_2001,Президент Польши посетит Украину с первым официальным визитом https://t.co/RqAxR0GTh0 https://t.co/irXi9XmvRi,Russian Federation,Russian,2015-12-14T00:12:00,2015-12-14T00:12:00,972.0000000000,805.0000000000,9662.0000000000,R,True
borinets_2001,Летчики ЦВО заняли позиции для пуска c Байконура «Союза ТМА-19М» https://t.co/URpsnpotGd https://t.co/pgjhm2kR3r,Russian Federation,Ukrainian,2015-12-14T08:12:00,2015-12-14T08:12:00,972.0000000000,805.0000000000,9664.0000000000,R,True
borinets_2001,Прогулка с фашизмом /  / Автор: Антон Климков /  / Очередная шокирующая история произошла в сказочной шоколадно.. https://t.co/BSPOzESUPv,Russian Federation,Russian,2015-12-14T15:34:00,2015-12-14T15:35:00,972.0000000000,805.0000000000,9666.0000000000,R,True
borinets_2001,В ССА заявили о готовности предоставлять России данные о позициях ИГ https://t.co/raiMDCV0Sp,Russian Federation,Russian,2015-12-14T16:42:00,2015-12-14T16:42:00,972.0000000000,805.0000000000,9667.0000000000,R,True
borinets_2001,Обама сжимает в кулаке сердце ИГ https://t.co/HhkbiKSE8G https://t.co/EbY9XDA66Q,Russian Federation,Russian,2015-12-14T19:33:00,2015-12-14T19:33:00,972.0000000000,805.0000000000,9670.0000000000,R,True
borinets_2001,"Современное искусство, например https://t.co/eEMLorQgUk https://t.co/IuJi8tl69S",Russian Federation,Russian,2015-12-15T05:56:00,2015-12-15T05:56:00,972.0000000000,804.0000000000,9671.0000000000,R,True
borinets_2001,Запорожский «Металлург» исключён из украинской Премьер-лиги https://t.co/C3pafMzjby,Russian Federation,Russian,2015-12-16T21:12:00,2015-12-16T21:12:00,971.0000000000,802.0000000000,9686.0000000000,R,True
borinets_2001,"«Гент» продлил контракт с тренером, впервые выведшим клуб в плей-офф ЛЧ https://t.co/5mboQMXXj6",Russian Federation,Russian,2015-12-17T00:12:00,2015-12-17T00:12:00,971.0000000000,803.0000000000,9686.0000000000,R,True
borinets_2001,Подозреваемого в убийстве актера Гловяка объявили в розыск https://t.co/3XEmqrOYYM,Russian Federation,Russian,2015-12-17T16:03:00,2015-12-17T16:03:00,971.0000000000,804.0000000000,9692.0000000000,R,True
borinets_2001,"В Белом доме назвали «нонсенсом» слова Путина о том, что #Турция сбила #Су24 в угоду США https://t.co/Mo8bYydg8t",Russian Federation,Russian,2015-12-18T05:38:00,2015-12-18T05:38:00,971.0000000000,806.0000000000,9695.0000000000,R,True
borinets_2001,Про цену на нефть  https://t.co/px0xy0SPo6,Russian Federation,Ukrainian,2015-12-18T11:02:00,2015-12-18T11:02:00,971.0000000000,806.0000000000,9697.0000000000,R,True
borinets_2001,Клинтон: США смогут разгромить группировку ИГ без использования сухопутных сил  https://t.co/swxXH1G53e,Russian Federation,Russian,2015-12-20T02:51:00,2015-12-20T02:52:00,971.0000000000,809.0000000000,9706.0000000000,R,True
borinets_2001,"Глава #ФИФА Блаттер заявил, что с него сняли обвинения в коррупции.   https://t.co/rhNIn8vKCD https://t.co/m8SnMvBKOO",Russian Federation,Russian,2015-12-20T11:17:00,2015-12-20T11:18:00,971.0000000000,807.0000000000,9708.0000000000,R,True
borinets_2001,МЧС: одна из секций жилого дома в Волгограде обрушилась после взрыва https://t.co/0laChAiUWP © Пресс-служба ГУ МЧС https://t.co/gwpcAfJiO0,Russian Federation,Russian,2015-12-20T13:12:00,2015-12-20T13:12:00,971.0000000000,809.0000000000,9709.0000000000,R,True
borinets_2001,В континентальной части Испании завершилось голосование https://t.co/V6ESF8ST4S https://t.co/lP7m9B7r2u,Russian Federation,Russian,2015-12-20T19:51:00,2015-12-20T19:51:00,971.0000000000,809.0000000000,9710.0000000000,R,True
borinets_2001,На трансформаторных подстанциях санатория «Форос» выявлено воровство электроэнергии на 430 м https://t.co/ppzMF91Bsw https://t.co/qj11emcbmB,Russian Federation,Russian,2015-12-21T00:13:00,2015-12-21T00:13:00,971.0000000000,809.0000000000,9711.0000000000,R,True
borinets_2001,"Нарышкин: концепция ЕС трещит по швам, союз невозможен без равноправия https://t.co/AQhwjXB8Jk © AP Photo https://t.co/xMxSQfVbps",Russian Federation,Russian,2015-12-21T00:22:00,2015-12-21T00:22:00,971.0000000000,809.0000000000,9712.0000000000,R,True
borinets_2001,Нарышкин: попытки США и Европы «воспитать» Восток - провальный план https://t.co/lWPk0RUquv https://t.co/Y9EsEmp6h3,Russian Federation,Russian,2015-12-21T00:33:00,2015-12-21T00:33:00,971.0000000000,809.0000000000,9714.0000000000,R,True
borinets_2001,Жители Словении проголосовали против однополых браков https://t.co/BagQP5JCdw,Russian Federation,Russian,2015-12-21T00:33:00,2015-12-21T00:33:00,971.0000000000,809.0000000000,9713.0000000000,R,True
borinets_2001,Украинские военные атакуют пригороды Донецка https://t.co/ywymB0XKS1,Russian Federation,Russian,2015-12-21T10:18:00,2015-12-21T10:18:00,971.0000000000,812.0000000000,9716.0000000000,R,True
borinets_2001,ЕС продлил санкции против России до июля 2016 года https://t.co/AX3WDXoGSm,Russian Federation,Russian,2015-12-21T14:33:00,2015-12-21T14:33:00,971.0000000000,812.0000000000,9718.0000000000,R,True
borinets_2001,"Роскомнадзор: Apple и Google переносят серверы в Россию По словам главы ведомства, …  https://t.co/iWB25L3J08 https://t.co/oM5JR9fmG8",Russian Federation,Russian,2015-12-21T14:59:00,2015-12-21T15:00:00,971.0000000000,812.0000000000,9719.0000000000,R,True
borinets_2001,Постановление о продлении антироссийских санкций ЕС вступает в силу 22 декабря https://t.co/dcl5nMbkEp #политика,Russian Federation,Russian,2015-12-21T23:31:00,2015-12-21T23:31:00,971.0000000000,814.0000000000,9722.0000000000,R,True
borinets_2001,"Сёмин: «Краснодар» не пройдёт «Спарту», если будет играть как в начале сезона https://t.co/1QnZ0w6uw0",Russian Federation,Russian,2015-12-22T09:13:00,2015-12-22T09:13:00,971.0000000000,814.0000000000,9723.0000000000,R,True
borinets_2001,В Европарламенте решили снять санкции с России раньше срока https://t.co/a5ON2EYdFM https://t.co/7Tashf2N33,Russian Federation,Russian,2015-12-22T12:55:00,2015-12-22T12:56:00,971.0000000000,813.0000000000,9725.0000000000,R,True
borinets_2001,"ВТБ рассказал о том, как санкции США скажутся на клиентах Компания прокомментировала включение банка ВТБ24 в …  https://t.co/NVgJNbghVA",Russian Federation,Russian,2015-12-22T19:18:00,2015-12-22T19:18:00,971.0000000000,811.0000000000,9728.0000000000,R,True
borinets_2001,https://t.co/uoyyuaFAxJ охуенно,Russian Federation,Russian,2015-12-22T20:13:00,2015-12-22T20:13:00,971.0000000000,811.0000000000,9729.0000000000,R,True
borinets_2001,СМИ: Европа молча наблюдает за преступлениями Эрдогана https://t.co/YiSPACO3fF… https://t.co/bZ3GmDnCV0,Russian Federation,Russian,2015-12-22T20:14:00,2015-12-22T20:15:00,971.0000000000,811.0000000000,9730.0000000000,R,True
borinets_2001,"ВСУ обстреливают из минометов и артиллерии пригороды Донецка и Горловки, отмечаются боестолк https://t.co/n9hfv1Smma https://t.co/buPDcE8WrV",Russian Federation,Russian,2015-12-23T03:33:00,2015-12-23T03:33:00,971.0000000000,811.0000000000,9731.0000000000,R,True
borinets_2001,"США показали свою беспомощность, введя ""шуточные"" санкции против руководства ЛНР -  Цыпкалов https://t.co/aMuNbvHTPT",Russian Federation,Russian,2015-12-23T08:41:00,2015-12-23T08:41:00,971.0000000000,811.0000000000,9733.0000000000,R,True
borinets_2001,Тело четвертого погибшего в Волгограде извлечено из-под завалов https://t.co/NqJa2QEHOI https://t.co/ziUq1WD55f,Russian Federation,Russian,2015-12-23T08:41:00,2015-12-23T08:41:00,971.0000000000,811.0000000000,9732.0000000000,R,True
borinets_2001,Санкции США против руководства ЛНР дестабилизируют ситуацию в Донбассе – Карякин https://t.co/kqvyWieFKN,Russian Federation,Russian,2015-12-23T09:31:00,2015-12-23T09:31:00,971.0000000000,811.0000000000,9734.0000000000,R,True
borinets_2001,"Гинер: возможно, ЦСКА сможет сыграть на своём стадионе уже весной https://t.co/nSSvFYE5EF",Russian Federation,Russian,2015-12-24T10:35:00,2015-12-24T10:35:00,971.0000000000,817.0000000000,9738.0000000000,R,True
borinets_2001,Украина пригрозила «Газпрому» миллиардным штрафом за монополизм https://t.co/CqjN0DDr75,Russian Federation,Ukrainian,2015-12-24T11:57:00,2015-12-24T11:58:00,971.0000000000,818.0000000000,9739.0000000000,R,True
borinets_2001,ЦБ ужесточил процедуру обмена валюты на сумму более 15 тысяч рублей https://t.co/WSCXJTNaqn https://t.co/BMFS7SYEiV,Russian Federation,Russian,2015-12-24T17:38:00,2015-12-24T17:38:00,971.0000000000,821.0000000000,9741.0000000000,R,True
borinets_2001,"Россия против конъюнктурных воздействий на рынки энергоносителей, подчеркнул Сергей Лавров https://t.co/WiYHFAAZ9b",Russian Federation,Russian,2015-12-25T11:40:00,2015-12-25T11:40:00,971.0000000000,822.0000000000,9743.0000000000,R,True
borinets_2001,Кличко: бюджет на 2016 год – бюджет выживания https://t.co/JCaWuFgYKG,Russian Federation,Russian,2015-12-25T18:52:00,2015-12-25T18:52:00,971.0000000000,824.0000000000,9731.0000000000,R,True
borinets_2001,В Китае сгорел автовоз и 19 автомобилей Audi https://t.co/B5RyRJsIo3,Russian Federation,Russian,2015-12-26T05:55:00,2015-12-26T05:55:00,971.0000000000,826.0000000000,9734.0000000000,R,True
borinets_2001,В Москве закроют вестибюли 11 станций   https://t.co/O3wjP7dgYy  Фото: Алексей Иванов/ ТРК «Звезда»  #москва #метро https://t.co/GNgfbqyJBz,Russian Federation,Russian,2015-12-26T06:31:00,2015-12-26T06:31:00,971.0000000000,826.0000000000,9735.0000000000,R,True
borinets_2001,ЗВЕРИ: Боевики ИГИЛ казнили больше 800 женщин в иракском Мосуле https://t.co/DXfnqlAf1X,Russian Federation,Russian,2015-12-26T16:37:00,2015-12-26T16:37:00,971.0000000000,826.0000000000,9736.0000000000,R,True
borinets_2001,Как стреляет 120-мм #миномет: уникальные кадры замедленной съемки  ВИДЕО: https://t.co/CliW8BeXXO  #tvzvezda #армия https://t.co/BZTUat9ghh,Russian Federation,Russian,2015-12-26T16:40:00,2015-12-26T16:40:00,971.0000000000,826.0000000000,9737.0000000000,R,True
borinets_2001,Источник: «Интер» решил выкупить Ляича у «Ромы» https://t.co/HpXLlXTy19,Russian Federation,Russian,2015-12-27T01:15:00,2015-12-27T01:15:00,971.0000000000,826.0000000000,9739.0000000000,R,True
borinets_2001,Власти Гватемалы отказались присваивать фигуре Иисуса звание генерала https://t.co/3m7sTxWVzb,Russian Federation,Russian,2015-12-27T06:12:00,2015-12-27T06:13:00,971.0000000000,825.0000000000,9741.0000000000,R,True
borinets_2001,ФОТОРЕПОРТАЖ. Оружие России пока второе  https://t.co/CyKxVJsfI2 https://t.co/KrgPhFwi8m,Russian Federation,Russian,2015-12-27T16:33:00,2015-12-27T16:34:00,971.0000000000,824.0000000000,9745.0000000000,R,True
borinets_2001,ФОТОРЕПОРТАЖ. Татьяна Навка в новых «Бременских музыкантах»  https://t.co/oXbTDhB3oo https://t.co/izIGxGPewc,Russian Federation,Russian,2015-12-27T20:34:00,2015-12-27T20:34:00,971.0000000000,824.0000000000,9748.0000000000,R,True
borinets_2001,#Осознание@rus_improvisation https://t.co/vMeLV86RkZ,Russian Federation,Russian,2015-12-27T23:33:00,2015-12-27T23:33:00,971.0000000000,826.0000000000,9749.0000000000,R,True
borinets_2001,Россиянам грозят перекрыть валютные переводы за границу \| РЕН ТВ: https://t.co/7Q8k33mQUG,Russian Federation,Russian,2015-12-28T02:42:00,2015-12-28T02:42:00,971.0000000000,826.0000000000,9750.0000000000,R,True
borinets_2001,Продавать лекарства через интернет в России разрешат с 2017 года https://t.co/a4rKYNt7r3 https://t.co/OCeUov6lB7,Russian Federation,Russian,2015-12-28T03:11:00,2015-12-28T03:11:00,971.0000000000,826.0000000000,9751.0000000000,R,True
borinets_2001,"Сергей Шойгу поздравил российских военных, несущих службу в Сирии, с наступающим Новым годом https://t.co/oPinC2IleX",Russian Federation,Russian,2015-12-28T08:13:00,2015-12-28T08:13:00,971.0000000000,825.0000000000,9754.0000000000,R,True
borinets_2001,Россия и Индия подписали соглашение о сборке не менее 200 вертолетов Ка-226 https://t.co/13DnjozbkO https://t.co/tD293YPfU5,Russian Federation,Russian,2015-12-28T15:36:00,2015-12-28T15:37:00,971.0000000000,825.0000000000,9756.0000000000,R,True
